2 0.437992 0.297922 0.079203 0.080375
2 0.658438 0.297328 0.080375 0.081562
2 0.880070 0.298508 0.079203 0.079203
2 0.320969 0.784320 0.079187 0.079203
2 0.542602 0.785508 0.078016 0.079203
2 0.764227 0.784914 0.076828 0.078016
6 0.322148 0.563281 0.079203 0.079187
6 0.542602 0.563312 0.078016 0.079125
6 0.764227 0.563875 0.079203 0.078000
20 0.354648 0.939766 0.037828 0.033094
20 0.043188 0.780188 0.039000 0.033094
20 0.081609 0.608203 0.047281 0.034281
20 0.031953 0.552641 0.040188 0.034281
20 0.023688 0.312695 0.026000 0.031922
20 0.228766 0.313875 0.039000 0.031906
20 0.228766 0.378297 0.027188 0.033094
20 0.017180 0.382430 0.029547 0.036641
20 0.795555 0.427352 0.026016 0.036641
20 0.926172 0.584562 0.039000 0.034281
20 0.728172 0.629477 0.033094 0.036641
20 0.708086 0.589875 0.023641 0.033094
20 0.505359 0.628883 0.027187 0.035453
20 0.478172 0.589875 0.034281 0.033094
20 0.281367 0.630664 0.033109 0.036641
9 0.143781 0.660914 0.055563 0.029547
9 0.467656 0.847086 0.022469 0.052016
9 0.444016 0.847680 0.027187 0.053203
9 0.572859 0.513164 0.027187 0.053203
9 0.597094 0.513164 0.026000 0.055547
16 0.417422 0.827000 0.028375 0.054375
16 0.163281 0.636102 0.054375 0.029547
16 0.624273 0.527352 0.028359 0.053203
12 0.183969 0.196977 0.067375 0.016547
18 0.184422 0.358477 0.066969 0.014766
