20 0.921203 0.211984 0.031906 0.029563
20 0.916469 0.021680 0.027187 0.031922
20 0.817773 0.021680 0.026016 0.029547
20 0.670023 0.021680 0.023641 0.029547
20 0.042953 0.363875 0.031906 0.035469
20 0.215531 0.362102 0.031906 0.031922
7 0.459852 0.608195 0.030734 0.057922
15 0.892422 0.296680 0.033219 0.049766
11 0.459859 0.450398 0.033094 0.059109
1 0.815258 0.321359 0.051234 0.044281
2 0.609734 0.213164 0.075656 0.079203
2 0.757492 0.213758 0.078016 0.078016
2 0.273445 0.654648 0.076828 0.078016
2 0.842594 0.893430 0.075656 0.078016
6 0.051820 0.654062 0.078016 0.079188
6 0.844367 0.525219 0.079203 0.079188
15 0.807375 0.297328 0.033094 0.048469
18 0.170258 0.410211 0.063828 0.014172
1 0.874906 0.321375 0.051062 0.047656
20 0.227945 0.392242 0.030734 0.033109
20 0.103828 0.576055 0.035469 0.029547
20 0.109148 0.683023 0.024828 0.033109
20 0.983852 0.491531 0.024828 0.033094
20 0.903445 0.555359 0.022516 0.033094
