20 0.142242 0.852641 0.024828 0.034281
20 0.123328 0.751578 0.024813 0.035469
20 0.421203 0.639883 0.027187 0.031922
20 0.511625 0.544141 0.026000 0.034281
2 0.202523 0.123922 0.079203 0.075656
2 0.543539 0.131602 0.078016 0.076828
6 0.840234 0.799453 0.080375 0.081562
6 0.711398 0.436570 0.078016 0.079203
5 0.937750 0.661156 0.027187 0.053188
11 0.663164 0.650164 0.061453 0.033109
7 0.814461 0.646617 0.056734 0.030734
15 0.547328 0.477586 0.052000 0.028359
15 0.515414 0.700398 0.023641 0.050828
5 0.487391 0.714938 0.027187 0.052000
2 0.082555 0.379242 0.078016 0.080391
2 0.082547 0.600875 0.080375 0.079187
2 0.787047 0.158789 0.075656 0.076828
2 0.480305 0.387516 0.076828 0.075656
2 0.332555 0.388109 0.079203 0.079188
2 0.333734 0.609734 0.079188 0.080375
6 0.082547 0.821914 0.082750 0.079203
6 0.479719 0.609141 0.080375 0.081562
20 0.651695 0.395789 0.024828 0.033109
20 0.761039 0.493305 0.037828 0.031922
20 0.915289 0.871562 0.024828 0.034281
20 0.826641 0.811273 0.024812 0.031922
20 0.399336 0.849094 0.023641 0.034281
