2 0.210234 0.114562 0.076594 0.080000
20 0.720852 0.367414 0.035453 0.030734
20 0.641062 0.243305 0.036656 0.030734
20 0.728531 0.152289 0.024812 0.033109
20 0.578414 0.089055 0.024828 0.031922
20 0.529352 0.072508 0.023641 0.029547
20 0.147562 0.566000 0.026000 0.033094
2 0.210234 0.334992 0.083406 0.081703
20 0.576633 0.322508 0.023641 0.030734
2 0.214938 0.827117 0.075656 0.078016
2 0.459031 0.900992 0.079188 0.079203
2 0.680656 0.900992 0.075656 0.076828
2 0.884555 0.717773 0.076828 0.076828
2 0.584320 0.538102 0.079203 0.076828
5 0.323688 0.453117 0.028375 0.053203
6 0.215531 0.538227 0.079188 0.076828
6 0.460211 0.754539 0.079203 0.079203
6 0.679477 0.754539 0.078016 0.079203
6 0.884563 0.939523 0.079188 0.078016
6 0.889289 0.462570 0.076828 0.079203
6 0.593195 0.308914 0.078016 0.079203
6 0.593195 0.074273 0.078016 0.078016
15 0.811508 0.179117 0.048453 0.029547
15 0.810328 0.394258 0.050812 0.029547
9 0.587281 0.666477 0.026000 0.052016
9 0.334922 0.665883 0.027188 0.053203
16 0.610898 0.684211 0.030703 0.052016
20 0.823094 0.969664 0.029562 0.031922
20 0.398156 0.784680 0.021281 0.030734
20 0.694844 0.732078 0.026000 0.029563
20 0.619789 0.786453 0.024828 0.029562
20 0.520500 0.678891 0.034281 0.027187
20 0.918836 0.523453 0.024828 0.033094
