21 0.530188 0.296148 0.029562 0.159578
20 0.341414 0.366234 0.023641 0.033094
20 0.566000 0.363281 0.021281 0.031906
20 0.566008 0.749805 0.023641 0.031922
20 0.341414 0.558320 0.023641 0.031922
20 0.341414 0.749812 0.021266 0.034281
19 0.754766 0.152531 0.027187 0.054375
19 0.216953 0.151930 0.027188 0.050828
14 0.121797 0.296148 0.028375 0.159578
14 0.122383 0.488812 0.029547 0.157219
7 0.851695 0.738227 0.031922 0.057922
11 0.851102 0.672031 0.030734 0.060281
10 0.728172 0.133617 0.026000 0.052016
10 0.190352 0.133609 0.026016 0.054375
14 0.122383 0.683852 0.029547 0.159578
14 0.755367 0.298508 0.030734 0.161953
14 0.755953 0.684438 0.027187 0.160750
21 0.306195 0.296734 0.030734 0.158406
21 0.305602 0.489406 0.031922 0.160750
21 0.306195 0.683258 0.030734 0.158391
21 0.529594 0.683852 0.028375 0.159578
