20 0.603820 0.671203 0.023641 0.033094
20 0.641656 0.508672 0.028375 0.031906
20 0.917656 0.200164 0.024812 0.029547
20 0.910562 0.094375 0.022469 0.028375
5 0.525813 0.079594 0.028375 0.053187
5 0.716711 0.079594 0.024828 0.055563
6 0.860328 0.165289 0.078000 0.078016
21 0.285508 0.646031 0.159578 0.027188
21 0.704539 0.646617 0.160766 0.030734
2 0.147562 0.159977 0.078000 0.079203
2 0.415883 0.164117 0.078016 0.078016
1 0.293633 0.260953 0.052766 0.042563
10 0.348742 0.344016 0.023641 0.052000
10 0.324516 0.344602 0.027187 0.050828
20 0.183617 0.672383 0.022453 0.030734
20 0.323688 0.607367 0.035469 0.030734
14 0.285508 0.880656 0.159578 0.028375
14 0.705133 0.880070 0.159578 0.029547
14 0.704539 0.413164 0.160766 0.031922
14 0.285508 0.412578 0.159578 0.028375
19 0.374156 0.361742 0.024812 0.049641
20 0.722617 0.607367 0.036641 0.030734
