13 0.104062 0.646023 0.082750 0.079203
2 0.201016 0.851695 0.077969 0.076828
20 0.180305 0.362930 0.027172 0.037828
20 0.162570 0.453945 0.029547 0.035453
20 0.394844 0.361750 0.037813 0.035469
20 0.385984 0.453359 0.027187 0.034281
20 0.612930 0.364109 0.036641 0.033094
13 0.325102 0.646023 0.078016 0.079203
13 0.546734 0.646023 0.079188 0.079203
13 0.768367 0.646023 0.078016 0.079203
6 0.643664 0.852289 0.079203 0.080391
13 0.768961 0.203359 0.079203 0.080375
13 0.547328 0.203359 0.080375 0.080375
13 0.326875 0.203352 0.076844 0.078016
20 0.607617 0.455125 0.023641 0.028375
20 0.828656 0.364109 0.061469 0.033094
20 0.830422 0.456305 0.022469 0.030734
20 0.578648 0.851703 0.024828 0.034281
17 0.104656 0.424984 0.079187 0.079187
17 0.325695 0.424984 0.076828 0.079187
17 0.547328 0.424984 0.080375 0.079187
17 0.768367 0.424984 0.080391 0.079187
