20 0.163523 0.593781 0.039016 0.029563
20 0.385148 0.593781 0.030734 0.031906
20 0.870375 0.593195 0.036656 0.030734
20 0.720852 0.591414 0.030734 0.031922
20 0.531133 0.593781 0.031922 0.031906
20 0.555953 0.684797 0.027187 0.029563
20 0.739766 0.684203 0.028375 0.035469
20 0.887516 0.683617 0.028375 0.031922
20 0.970852 0.079594 0.039016 0.031906
20 0.711391 0.059500 0.035469 0.031906
20 0.473805 0.016953 0.035453 0.027188
20 0.262805 0.167070 0.036641 0.031922
20 0.009359 0.308266 0.018719 0.033219
0 0.388344 0.306781 0.034281 0.048469
6 0.828414 0.656430 0.080391 0.079203
6 0.681250 0.657016 0.081563 0.080375
6 0.493898 0.657016 0.082734 0.082750
6 0.346148 0.657016 0.078016 0.080375
6 0.128055 0.657609 0.079203 0.079188
6 0.935391 0.157609 0.079188 0.079187
2 0.827227 0.878063 0.078016 0.080375
2 0.681250 0.879242 0.081563 0.075641
2 0.493898 0.879242 0.080391 0.075641
2 0.344961 0.879242 0.078016 0.073297
2 0.129836 0.878055 0.078016 0.078016
2 0.128055 0.435383 0.076828 0.076828
2 0.492125 0.435984 0.076844 0.080375
2 0.344961 0.435977 0.078016 0.078016
2 0.048867 0.158789 0.076828 0.076828
2 0.492711 0.158195 0.078016 0.078016
16 0.883383 0.454891 0.050828 0.028375
16 0.895203 0.323094 0.027187 0.048469
16 0.422383 0.323102 0.024828 0.050828
20 0.405242 0.685391 0.023641 0.033094
20 0.187164 0.684797 0.022453 0.029563
20 0.039992 0.685977 0.023641 0.031922
20 0.018727 0.593781 0.030734 0.031906
1 0.093633 0.306914 0.037453 0.052766
2 0.680063 0.436570 0.081562 0.079203
2 0.829594 0.435391 0.080375 0.079188
15 0.128297 0.322742 0.027188 0.049641
0 0.862930 0.306789 0.033109 0.050828
