20 0.937156 0.354422 0.028375 0.035469
20 0.572500 0.652875 0.027188 0.034281
20 0.576641 0.575461 0.026000 0.030734
20 0.568367 0.356195 0.026016 0.029547
20 0.621555 0.269906 0.030734 0.039000
20 0.313633 0.367422 0.029547 0.037812
20 0.167070 0.368008 0.022453 0.031922
20 0.275812 0.651109 0.020094 0.035469
20 0.276406 0.800039 0.021281 0.030734
20 0.572500 0.719070 0.020094 0.029547
6 0.875695 0.325453 0.078016 0.081562
6 0.581953 0.351461 0.081562 0.079203
6 0.587867 0.093188 0.076828 0.075656
6 0.291766 0.092602 0.080375 0.076828
2 0.875102 0.767539 0.076828 0.079203
2 0.440711 0.790000 0.078016 0.081563
2 0.440117 0.643430 0.079203 0.079203
2 0.144609 0.790586 0.079188 0.078016
2 0.145203 0.642836 0.080375 0.078016
2 0.439523 0.093195 0.078016 0.078016
2 0.145195 0.093195 0.078016 0.078016
20 0.569664 0.799570 0.024828 0.035453
20 0.265172 0.712578 0.039000 0.033094
20 0.263406 0.568367 0.033094 0.033109
20 0.359148 0.420023 0.035453 0.031922
20 0.204891 0.424750 0.041375 0.031906
20 0.094961 0.251586 0.039016 0.030734
16 0.662930 0.568961 0.052016 0.029547
16 0.659969 0.646383 0.053187 0.023641
16 0.141063 0.157016 0.048469 0.040188
9 0.661148 0.673562 0.050828 0.026000
6 0.588461 0.641648 0.080391 0.078016
6 0.589070 0.790586 0.076859 0.078016
6 0.292953 0.788820 0.078000 0.076828
6 0.292953 0.642836 0.078000 0.080391
6 0.184211 0.353828 0.078016 0.079187
6 0.330781 0.353234 0.080375 0.080375
20 0.274039 0.103828 0.026016 0.033094
20 0.314820 0.035859 0.022453 0.031906
20 0.618602 0.037633 0.031922 0.033109
20 0.571914 0.102648 0.026016 0.035453
20 0.856781 0.023445 0.040188 0.030734
20 0.918836 0.253945 0.039016 0.033109
20 0.872148 0.584914 0.035453 0.035453
