20 0.863867 0.485617 0.023641 0.030734
20 0.971445 0.552406 0.023641 0.031906
20 0.421203 0.949570 0.020094 0.031922
20 0.146969 0.750398 0.022469 0.033109
20 0.088461 0.723211 0.026016 0.030734
20 0.327820 0.508672 0.022453 0.029563
20 0.169430 0.364469 0.031922 0.034281
2 0.627461 0.714945 0.078016 0.078016
2 0.922977 0.715531 0.078016 0.076844
2 0.922977 0.271672 0.078016 0.075656
2 0.626875 0.272266 0.076844 0.076844
2 0.387516 0.294727 0.078000 0.079203
2 0.128180 0.294844 0.078016 0.078000
2 0.798859 0.923570 0.078031 0.079203
6 0.128648 0.738586 0.078016 0.078016
6 0.922383 0.493898 0.079203 0.078016
6 0.627469 0.494492 0.080375 0.079203
6 0.386922 0.515766 0.081563 0.079188
2 0.129836 0.522266 0.078016 0.080375
2 0.350867 0.739172 0.078016 0.076844
12 0.064461 0.068602 0.065016 0.014172
6 0.355602 0.924750 0.080391 0.079187
9 0.302406 0.416477 0.026000 0.053203
9 0.279945 0.417664 0.023641 0.050828
16 0.260445 0.393430 0.027172 0.054359
20 0.431844 0.574273 0.024812 0.028359
20 0.567773 0.485031 0.024828 0.031906
20 0.677711 0.553586 0.036641 0.029547
