8 0.868250 0.270727 0.013000 0.035453
2 0.093781 0.447211 0.076844 0.079203
2 0.543547 0.473211 0.080375 0.076828
2 0.912930 0.843781 0.076828 0.075656
6 0.093188 0.226758 0.080375 0.078016
6 0.469078 0.178883 0.080375 0.079203
6 0.543547 0.843187 0.080375 0.079188
20 0.525227 0.106195 0.022453 0.030734
20 0.530539 0.209023 0.023641 0.030734
20 0.132789 0.146375 0.031922 0.033094
20 0.152289 0.256312 0.021266 0.033094
20 0.874516 0.444844 0.021281 0.029563
20 0.882789 0.520492 0.021266 0.031922
20 0.611508 0.767539 0.024828 0.031922
20 0.603820 0.872148 0.023641 0.028359
16 0.877469 0.372148 0.024812 0.049641
9 0.899922 0.393430 0.027187 0.052016
17 0.815648 0.415531 0.078016 0.079187
13 0.815055 0.636570 0.076828 0.079203
8 0.868250 0.122977 0.013000 0.033109
