20 0.301148 0.409211 0.038422 0.031516
20 0.196242 0.295438 0.029547 0.034469
20 0.196242 0.518055 0.027578 0.036453
20 0.306570 0.633789 0.033484 0.035453
20 0.197227 0.740180 0.031516 0.031516
20 0.291297 0.851484 0.034469 0.035469
20 0.704859 0.897586 0.034187 0.039016
20 0.417484 0.961219 0.033938 0.031688
20 0.266656 0.962727 0.033937 0.031672
20 0.120727 0.961969 0.036203 0.028656
20 0.033617 0.116203 0.029422 0.033938
20 0.131656 0.069437 0.026406 0.032437
20 0.950281 0.090180 0.022625 0.031672
20 0.994375 0.185953 0.011250 0.034688
20 0.993242 0.556242 0.013516 0.036203
20 0.983094 0.641078 0.029406 0.033937
20 0.867711 0.744023 0.024891 0.031672
20 0.629391 0.426523 0.023375 0.031672
20 0.988719 0.017406 0.022563 0.027906
20 0.729320 0.170867 0.036203 0.031672
6 0.257852 0.345086 0.079422 0.078016
6 0.259273 0.566367 0.082266 0.078016
6 0.258555 0.789055 0.078016 0.080859
6 0.930187 0.708211 0.079438 0.078016
6 0.667070 0.360687 0.078016 0.080844
6 0.098984 0.142250 0.076594 0.080844
2 0.247922 0.142250 0.079438 0.080844
2 0.394016 0.140828 0.076594 0.080844
2 0.407492 0.344375 0.078016 0.076594
2 0.112461 0.343664 0.075172 0.078016
2 0.112461 0.567070 0.078016 0.079422
2 0.111039 0.786930 0.078016 0.079422
2 0.407492 0.788344 0.078016 0.079438
2 0.406781 0.567070 0.076594 0.076609
2 0.666359 0.803242 0.082281 0.078016
2 0.930187 0.929484 0.079438 0.080844
5 0.481961 0.169945 0.056734 0.031141
9 0.483375 0.247922 0.051063 0.036875
9 0.834445 0.848656 0.055328 0.032688
16 0.855727 0.821680 0.052484 0.026953
16 0.464938 0.289766 0.051062 0.029781
16 0.466359 0.266359 0.053906 0.022687
0 0.484797 0.219547 0.051063 0.051062
16 0.824516 0.342250 0.049656 0.035469
18 0.908211 0.062813 0.063828 0.015594
