20 0.519719 0.973258 0.026094 0.032609
20 0.519539 0.724469 0.024703 0.033719
9 0.733102 0.979820 0.049953 0.026547
6 0.800727 0.136836 0.077672 0.078109
15 0.721961 0.276156 0.024109 0.048219
15 0.956789 0.276359 0.024891 0.049375
15 0.483039 0.073016 0.025266 0.050156
20 0.598867 0.030922 0.038953 0.032781
6 0.590391 0.961367 0.078625 0.076984
2 0.793250 0.368914 0.078969 0.079203
2 0.888828 0.633453 0.078750 0.076125
2 0.141992 0.689188 0.079047 0.078594
2 0.850648 0.915188 0.078547 0.079312
6 0.585031 0.689094 0.077687 0.078344
20 0.376172 0.228203 0.023281 0.030406
20 0.405766 0.331133 0.023281 0.031828
20 0.842562 0.215234 0.026594 0.030875
20 0.855867 0.174148 0.024703 0.034203
6 0.347594 0.296867 0.078063 0.079453
20 0.570125 0.607133 0.040375 0.030891
