9 0.497828 0.661828 0.049250 0.026562
13 0.217109 0.400953 0.078625 0.076125
13 0.216906 0.476234 0.078219 0.078594
16 0.498367 0.688555 0.049422 0.026203
17 0.438930 0.919422 0.079328 0.077438
17 0.440109 0.328953 0.079781 0.077438
17 0.438930 0.476695 0.079328 0.078391
17 0.439164 0.623953 0.078859 0.077438
17 0.438930 0.771922 0.078391 0.077906
13 0.216930 0.918789 0.079391 0.075922
13 0.217242 0.771422 0.077672 0.077313
13 0.216281 0.623945 0.078625 0.077797
1 0.739906 0.272680 0.048937 0.048391
