17 0.670781 0.444937 0.077594 0.078781
17 0.892102 0.445656 0.078391 0.078781
17 0.839141 0.231328 0.078781 0.078781
2 0.399438 0.502914 0.078844 0.078391
9 0.755875 0.424000 0.026094 0.050406
8 0.724062 0.153828 0.011563 0.030156
8 0.959969 0.153828 0.011250 0.030625
8 0.960047 0.292047 0.012031 0.032031
8 0.724500 0.301578 0.012812 0.032031
13 0.671117 0.666945 0.077172 0.078297
13 0.892266 0.667031 0.078906 0.078437
16 0.734320 0.401461 0.024984 0.050172
2 0.768484 0.872430 0.079781 0.076516
6 0.325453 0.207977 0.077375 0.079047
6 0.399813 0.871937 0.079156 0.076844
20 0.459867 0.904492 0.023328 0.031891
20 0.460094 0.797453 0.037875 0.031687
20 0.011547 0.287477 0.023094 0.032453
20 0.739680 0.550945 0.021891 0.032172
20 0.729883 0.476820 0.025672 0.033047
20 0.952664 0.475844 0.025672 0.033438
20 0.967250 0.384867 0.023719 0.031109
20 0.898664 0.260977 0.022141 0.032141
20 0.888086 0.134008 0.025266 0.031109
20 0.383234 0.237047 0.025656 0.033438
20 0.378953 0.136539 0.026063 0.031109
