20 0.339727 0.663055 0.026234 0.029641
2 0.625031 0.506797 0.081000 0.077750
2 0.281531 0.948617 0.077906 0.076516
2 0.476789 0.949555 0.076516 0.078391
2 0.822016 0.507117 0.077750 0.077109
2 0.624688 0.949086 0.079312 0.081172
2 0.822344 0.949750 0.077625 0.078375
2 0.134008 0.506961 0.078734 0.076797
20 0.188383 0.662195 0.031359 0.029078
20 0.184961 0.774492 0.022234 0.031359
20 0.333453 0.775633 0.021656 0.032484
20 0.491641 0.663047 0.035906 0.028500
20 0.529547 0.776773 0.023937 0.029078
20 0.679469 0.662766 0.033063 0.030219
20 0.676617 0.776492 0.021672 0.029641
20 0.841078 0.662766 0.030219 0.031344
20 0.872711 0.775352 0.022797 0.031922
2 0.282070 0.506641 0.078078 0.077437
2 0.134328 0.949555 0.079312 0.077453
6 0.822836 0.727563 0.077203 0.078844
6 0.624734 0.728219 0.080156 0.078187
6 0.476617 0.727727 0.077516 0.078516
6 0.281828 0.728219 0.076531 0.078187
6 0.133875 0.727891 0.078188 0.077531
2 0.476961 0.507117 0.077109 0.077109
