20 0.817062 0.546430 0.033563 0.030391
20 0.568562 0.336617 0.027812 0.031297
5 0.136078 0.326594 0.046188 0.040406
6 0.780695 0.488398 0.078297 0.076953
6 0.522516 0.710141 0.077188 0.077344
6 0.750133 0.895844 0.079328 0.076875
2 0.521742 0.266844 0.075922 0.078594
2 0.241586 0.354516 0.077266 0.076594
2 0.781742 0.268187 0.078609 0.077250
2 0.523086 0.494602 0.077266 0.078609
2 0.743445 0.709922 0.079953 0.076594
2 0.301039 0.709922 0.077922 0.077937
2 0.306414 0.896031 0.077922 0.076594
9 0.673609 0.389844 0.025125 0.048938
9 0.696758 0.390211 0.024578 0.049703
12 0.457680 0.040602 0.066203 0.013047
12 0.239766 0.039477 0.065250 0.015609
20 0.012258 0.601016 0.024516 0.032406
20 0.817422 0.921297 0.022500 0.031875
20 0.482195 0.695336 0.023859 0.031734
20 0.543055 0.722227 0.021828 0.031047
20 0.960531 0.457922 0.022500 0.030938
16 0.653367 0.366695 0.025266 0.049578
20 0.719219 0.480930 0.025156 0.033859
