6 0.167500 0.659453 0.079062 0.078906
20 0.559187 0.339680 0.035906 0.032141
20 0.491133 0.410484 0.025422 0.031281
20 0.725078 0.942508 0.024031 0.033484
20 0.737273 0.885938 0.023109 0.031563
20 0.897070 0.543211 0.036984 0.030234
20 0.140531 0.202969 0.026719 0.032813
6 0.677469 0.140703 0.077406 0.079188
20 0.106891 0.658016 0.024219 0.032969
16 0.805031 0.017758 0.050156 0.025672
16 0.262500 0.732563 0.050063 0.025500
6 0.441625 0.136648 0.077219 0.077797
6 0.145977 0.136789 0.077766 0.077516
20 0.121906 0.885820 0.024969 0.030609
20 0.324180 0.848805 0.032172 0.033078
6 0.550656 0.412352 0.077625 0.078297
6 0.677102 0.853187 0.076953 0.078750
20 0.734773 0.138898 0.022672 0.031109
20 0.909016 0.411586 0.028219 0.037078
20 0.435961 0.202742 0.028609 0.032672
20 0.734609 0.226891 0.030781 0.032781
20 0.054219 0.417187 0.032813 0.032188
20 0.186812 0.595203 0.032500 0.032344
2 0.476695 0.705836 0.077109 0.077109
2 0.181477 0.412031 0.078141 0.079312
6 0.181828 0.852719 0.077625 0.078562
