20 0.657148 0.370578 0.035641 0.030500
2 0.166461 0.080625 0.077484 0.079375
2 0.313742 0.081164 0.079922 0.079922
2 0.165875 0.523875 0.077625 0.076719
2 0.313594 0.523984 0.078750 0.076500
2 0.875055 0.335391 0.080328 0.078969
2 0.874789 0.558211 0.078984 0.078516
2 0.888656 0.744711 0.078562 0.078297
6 0.166500 0.303234 0.077813 0.079125
6 0.314063 0.303141 0.079312 0.080063
6 0.586500 0.440586 0.076719 0.078516
5 0.785336 0.416109 0.049578 0.026250
6 0.783133 0.086430 0.077766 0.077766
20 0.842625 0.117453 0.024531 0.031719
20 0.101063 0.341250 0.025469 0.032031
20 0.196375 0.226609 0.040469 0.031406
20 0.363094 0.227000 0.039531 0.030625
20 0.377156 0.340172 0.022656 0.030781
20 0.533094 0.461195 0.022031 0.032359
