6 0.624055 0.080391 0.077766 0.078531
2 0.711656 0.673047 0.077750 0.077375
2 0.490422 0.672852 0.080094 0.079328
5 0.031859 0.201563 0.051719 0.025469
15 0.840875 0.165586 0.050219 0.025922
2 0.246844 0.598398 0.076594 0.078922
20 0.678781 0.014680 0.023906 0.028766
20 0.606953 0.094703 0.024531 0.032031
6 0.915602 0.711922 0.078984 0.077656
20 0.751563 0.138844 0.035937 0.031562
20 0.947563 0.296594 0.026250 0.031562
20 0.723836 0.503625 0.022672 0.027531
6 0.490742 0.525844 0.079422 0.076750
6 0.711352 0.525609 0.076953 0.077625
6 0.921219 0.235547 0.077187 0.078125
20 0.852359 0.741547 0.023500 0.031313
6 0.246922 0.309789 0.079312 0.076984
5 0.355250 0.224820 0.026062 0.050484
16 0.642227 0.457383 0.025266 0.049891
2 0.241906 0.106758 0.080469 0.077766
2 0.614961 0.309906 0.078547 0.078156
2 0.915594 0.489461 0.080031 0.076453
20 0.649047 0.556008 0.026469 0.030234
20 0.558734 0.450977 0.021875 0.032391
20 0.428859 0.556680 0.025656 0.031047
20 0.177367 0.337273 0.024297 0.030828
9 0.617375 0.437891 0.025938 0.051719
9 0.365406 0.438391 0.025313 0.052313
