2 0.590719 0.733578 0.078906 0.076719
2 0.378953 0.500578 0.077781 0.076688
2 0.156125 0.500391 0.079500 0.077063
2 0.229312 0.213438 0.076937 0.076937
6 0.803953 0.066938 0.077375 0.079312
9 0.954781 0.321734 0.025875 0.051750
6 0.156109 0.722500 0.077219 0.078938
16 0.924984 0.337641 0.026719 0.050156
16 0.728289 0.128305 0.051078 0.026328
6 0.379773 0.723344 0.076641 0.077250
20 0.392195 0.013969 0.023766 0.027937
20 0.189695 0.057773 0.024828 0.031578
20 0.171469 0.016992 0.020781 0.031078
20 0.602797 0.028609 0.038344 0.031594
20 0.864289 0.099477 0.021328 0.030766
20 0.897367 0.379734 0.024297 0.030812
20 0.967430 0.439687 0.040234 0.030781
20 0.898453 0.601516 0.023813 0.031500
20 0.969141 0.707359 0.037313 0.028688
20 0.898039 0.823297 0.023328 0.031250
20 0.341672 0.789469 0.021000 0.032656
20 0.416750 0.652313 0.031406 0.031094
20 0.202578 0.651797 0.030312 0.030313
20 0.117750 0.789297 0.022500 0.031094
20 0.522422 0.303187 0.022719 0.032406
6 0.838594 0.789969 0.077313 0.077250
6 0.838844 0.568258 0.075594 0.078391
6 0.837969 0.346680 0.076219 0.078922
6 0.590500 0.290891 0.077375 0.078531
2 0.156172 0.944367 0.078031 0.079078
2 0.378898 0.943727 0.076047 0.077453
