20 0.777891 0.647430 0.032937 0.031859
6 0.342586 0.211859 0.077797 0.078937
6 0.239844 0.431281 0.076625 0.076625
6 0.934094 0.721523 0.076625 0.074297
6 0.710609 0.722102 0.077781 0.075453
9 0.607625 0.088258 0.051313 0.026766
9 0.908344 0.275000 0.025875 0.050625
9 0.931063 0.275453 0.023187 0.050625
9 0.143250 0.572148 0.051562 0.027547
20 0.895203 0.789719 0.024031 0.032406
20 0.984117 0.655664 0.031766 0.031047
20 0.671781 0.789180 0.024844 0.031859
20 0.016789 0.616781 0.025391 0.032406
20 0.175547 0.467742 0.024313 0.031328
20 0.291648 0.363117 0.031328 0.031578
20 0.304203 0.279961 0.027281 0.033203
20 0.508594 0.207594 0.029969 0.032125
20 0.816500 0.367195 0.033531 0.030828
20 0.969500 0.056906 0.024531 0.033094
20 0.939906 0.017773 0.031500 0.029922
20 0.747203 0.057602 0.024531 0.032172
20 0.548633 0.034531 0.033297 0.029250
16 0.132672 0.066687 0.050219 0.032375
16 0.626797 0.063328 0.051312 0.025375
16 0.883078 0.256062 0.025625 0.050312
16 0.162672 0.546891 0.050813 0.025687
2 0.785875 0.213188 0.078375 0.077250
2 0.461297 0.431391 0.075719 0.076531
10 0.135078 0.938758 0.051313 0.025672
12 0.457781 0.881195 0.066312 0.012203
12 0.242039 0.880859 0.065641 0.012875
2 0.239375 0.653391 0.078563 0.077625
2 0.933461 0.500609 0.076953 0.077844
2 0.710398 0.500648 0.078609 0.075922
2 0.933359 0.943781 0.078562 0.079875
2 0.710430 0.943000 0.077766 0.078031
2 0.460906 0.653016 0.078375 0.078750
