20 0.076273 0.498078 0.022141 0.031344
2 0.075828 0.656258 0.077781 0.078297
2 0.292641 0.550695 0.078281 0.076672
2 0.552453 0.054703 0.076938 0.078531
2 0.920797 0.054648 0.077344 0.079359
15 0.841562 0.949820 0.049406 0.026703
15 0.748984 0.508445 0.050219 0.025922
9 0.220555 0.531133 0.051703 0.025266
20 0.015047 0.508062 0.030094 0.031344
20 0.608492 0.861055 0.023172 0.031047
20 0.754047 0.923906 0.031500 0.031313
6 0.075883 0.434508 0.076953 0.078297
6 0.588508 0.529813 0.076953 0.075594
6 0.588102 0.605273 0.077766 0.074797
6 0.921094 0.349586 0.076406 0.079391
6 0.624055 0.846266 0.076047 0.078750
20 0.747977 0.472000 0.023391 0.031781
20 0.947969 0.410297 0.021000 0.032656
20 0.658000 0.678336 0.020531 0.032203
20 0.525961 0.631219 0.024266 0.031250
20 0.527359 0.535570 0.022406 0.030328
2 0.242219 0.886406 0.079500 0.076875
2 0.921156 0.792250 0.077656 0.078906
