20 0.509461 0.985836 0.023953 0.028328
6 0.248477 0.479523 0.078516 0.078516
6 0.565562 0.940273 0.079500 0.077859
15 0.832547 0.348813 0.051187 0.026562
2 0.290063 0.852820 0.078844 0.078578
2 0.806000 0.843641 0.079781 0.079781
2 0.805992 0.673117 0.077922 0.079328
20 0.279312 0.392367 0.034031 0.034047
2 0.886922 0.473219 0.078344 0.080750
2 0.578313 0.543648 0.079781 0.078859
20 0.021398 0.776375 0.021891 0.030781
5 0.815055 0.374750 0.048453 0.026000
5 0.467641 0.581258 0.049750 0.026109
20 0.299875 0.528531 0.021281 0.028375
20 0.030320 0.663078 0.021766 0.030937
20 0.773641 0.214344 0.029781 0.032625
