5 0.792164 0.892945 0.050578 0.027484
0 0.793383 0.942242 0.049703 0.047641
2 0.703117 0.643258 0.078391 0.079328
2 0.555922 0.643484 0.079781 0.079781
15 0.773734 0.535242 0.050219 0.024953
2 0.408719 0.642789 0.078375 0.078391
2 0.287172 0.434234 0.079781 0.080250
2 0.139516 0.434234 0.079313 0.079313
2 0.139508 0.212156 0.077453 0.078375
2 0.286945 0.212391 0.077453 0.079781
2 0.582742 0.211453 0.078391 0.078844
2 0.730648 0.212391 0.075578 0.076969
2 0.939195 0.171102 0.078391 0.074641
2 0.732508 0.036031 0.075578 0.070438
2 0.436242 0.037203 0.076516 0.072781
6 0.408641 0.864922 0.077188 0.078125
6 0.938914 0.391945 0.078922 0.078078
6 0.434680 0.433961 0.076828 0.079422
6 0.435406 0.213250 0.078000 0.078000
2 0.141148 0.037195 0.075109 0.073703
9 0.793094 0.972453 0.050063 0.035469
1 0.792469 0.503484 0.049937 0.038063
20 0.614648 0.102133 0.021922 0.030797
20 0.902289 0.016055 0.024266 0.031266
20 0.370641 0.189617 0.024719 0.031266
20 0.371063 0.410125 0.024375 0.031719
20 0.901437 0.459945 0.023406 0.030828
20 0.436969 0.791984 0.030156 0.031094
20 0.344469 0.841281 0.024844 0.030625
16 0.774211 0.988297 0.049141 0.022406
2 0.582852 0.434484 0.079391 0.078562
2 0.730227 0.434641 0.077109 0.081312
2 0.555922 0.865578 0.079781 0.079781
2 0.703586 0.865344 0.078391 0.079312
