13 0.397625 0.918719 0.076875 0.077375
13 0.397375 0.623930 0.076375 0.077891
13 0.396633 0.475656 0.076891 0.079875
13 0.397875 0.328391 0.076375 0.077875
17 0.618586 0.401359 0.078859 0.075531
17 0.618820 0.476406 0.079328 0.077438
9 0.346641 0.723297 0.050625 0.025875
9 0.958375 0.272734 0.027000 0.049094
17 0.618633 0.624141 0.077891 0.077438
17 0.618633 0.771883 0.077891 0.079328
17 0.618156 0.919375 0.078844 0.077906
16 0.932937 0.273094 0.028313 0.050250
16 0.345570 0.691523 0.045453 0.039828
1 0.174266 0.272141 0.048813 0.048500
13 0.397625 0.770953 0.076875 0.079375
