2 0.479484 0.744352 0.078313 0.077172
2 0.184398 0.744352 0.078516 0.076734
2 0.318250 0.557492 0.076938 0.078516
2 0.097188 0.557828 0.079438 0.078750
6 0.335516 0.062844 0.079375 0.078563
6 0.631117 0.062898 0.079641 0.076953
1 0.572844 0.840812 0.050469 0.048438
6 0.913297 0.316250 0.077188 0.077344
20 0.545094 0.456172 0.037125 0.031687
20 0.620164 0.608797 0.024297 0.030500
20 0.923703 0.604891 0.023719 0.030719
20 0.847844 0.457969 0.035937 0.032031
20 0.972578 0.347500 0.024219 0.031875
20 0.951922 0.250531 0.040312 0.029687
20 0.395625 0.093500 0.023062 0.031125
20 0.692086 0.094375 0.023172 0.031063
6 0.895711 0.542398 0.079203 0.078984
2 0.913641 0.093688 0.077375 0.076594
2 0.096375 0.334750 0.077375 0.077375
2 0.317609 0.334727 0.076594 0.079766
15 0.838766 0.385984 0.024937 0.050219
15 0.681141 0.386141 0.025281 0.049906
6 0.591328 0.541031 0.077062 0.076875
2 0.617570 0.316094 0.076984 0.076594
