13 0.424125 0.400867 0.079156 0.078578
0 0.731031 0.582156 0.050406 0.038469
17 0.572586 0.183453 0.077203 0.078500
17 0.572750 0.400516 0.078187 0.077187
17 0.572422 0.618570 0.077531 0.077203
17 0.139281 0.618898 0.078187 0.079172
17 0.138937 0.400844 0.078344 0.077250
17 0.139070 0.182836 0.079172 0.077797
13 0.845953 0.457984 0.076969 0.078000
13 0.919781 0.384477 0.077625 0.079391
13 0.845852 0.224562 0.077391 0.078219
13 0.919109 0.150961 0.076563 0.077516
13 0.846055 0.077055 0.077297 0.077047
13 0.919969 0.531648 0.077313 0.076266
13 0.846297 0.605672 0.076969 0.078000
13 0.911656 0.843148 0.078000 0.076609
13 0.763617 0.842969 0.078703 0.077656
13 0.424852 0.618414 0.078297 0.078578
13 0.424703 0.183031 0.079750 0.079156
