20 0.962891 0.664289 0.038469 0.031359
20 0.457930 0.596836 0.027078 0.031359
20 0.527047 0.580203 0.020906 0.031344
20 0.695445 0.601578 0.039422 0.028500
20 0.813492 0.662625 0.038953 0.030875
20 0.849117 0.775914 0.022797 0.029453
20 0.856961 0.987477 0.024234 0.025047
6 0.476930 0.533219 0.078391 0.077906
6 0.946617 0.728414 0.076391 0.079172
6 0.798367 0.728219 0.078391 0.077187
16 0.620094 0.664094 0.025906 0.049562
9 0.587648 0.685383 0.027266 0.051578
2 0.140273 0.495906 0.078922 0.077750
2 0.328453 0.533617 0.078938 0.076984
2 0.140859 0.791789 0.079313 0.077766
2 0.445281 0.865656 0.079312 0.078531
2 0.798672 0.949805 0.080750 0.080453
2 0.945961 0.949539 0.077797 0.078297
2 0.624078 0.533547 0.077500 0.078031
2 0.797820 0.506672 0.080453 0.078875
2 0.946055 0.506672 0.078297 0.076656
1 0.204539 0.733109 0.051797 0.040594
