1 0.973453 0.470289 0.043062 0.050859
9 0.580203 0.255750 0.049937 0.027813
16 0.150883 0.510266 0.034984 0.048281
16 0.578398 0.542500 0.049578 0.027875
16 0.579023 0.812805 0.049953 0.027672
16 0.975805 0.986703 0.048172 0.026063
13 0.099055 0.829562 0.075578 0.077656
13 0.098539 0.682914 0.076609 0.079047
1 0.648008 0.098430 0.044266 0.049234
13 0.099062 0.534180 0.077656 0.079047
0 0.160359 0.562172 0.045437 0.049625
1 0.086000 0.060922 0.047563 0.050031
1 0.973320 0.159398 0.043984 0.050172
9 0.579539 0.785242 0.049578 0.026891
9 0.579195 0.515000 0.048516 0.027531
