20 0.724836 0.503930 0.021609 0.031297
20 0.207594 0.411523 0.040500 0.029703
20 0.254578 0.502789 0.027000 0.032391
21 0.646648 0.462625 0.160359 0.029094
21 0.178172 0.462281 0.159438 0.028406
14 0.177906 0.710867 0.159719 0.028859
14 0.646898 0.710867 0.159172 0.028859
14 0.646734 0.154672 0.160656 0.029031
14 0.178133 0.154344 0.159672 0.029031
20 0.620484 0.411195 0.038063 0.031078
19 0.887578 0.059711 0.025188 0.050391
10 0.861711 0.041000 0.024078 0.051750
10 0.838047 0.041289 0.026344 0.051547
