2 0.256898 0.289813 0.077109 0.078094
5 0.108734 0.585320 0.048812 0.025734
6 0.078992 0.895797 0.078078 0.077625
2 0.444430 0.188953 0.078078 0.079719
2 0.665234 0.189117 0.079063 0.079391
2 0.832898 0.190414 0.078734 0.078734
2 0.909367 0.598266 0.078078 0.079375
2 0.665719 0.631312 0.078719 0.080031
2 0.444586 0.631633 0.077109 0.078734
2 0.258937 0.609437 0.079063 0.079062
2 0.521570 0.895984 0.079328 0.077750
6 0.665906 0.409891 0.078750 0.077406
6 0.444273 0.409781 0.077391 0.078063
6 0.257281 0.068234 0.077625 0.078969
16 0.636031 0.742977 0.025375 0.048859
20 0.095875 0.107187 0.023656 0.032406
20 0.318320 0.105891 0.023297 0.029813
20 0.601172 0.328961 0.035031 0.030141
20 0.660641 0.473625 0.024531 0.032406
20 0.438258 0.474977 0.024297 0.031953
20 0.089719 0.496031 0.035969 0.032219
20 0.086250 0.369250 0.036188 0.032250
20 0.137953 0.921750 0.025625 0.032344
20 0.546797 0.784625 0.034687 0.033000
9 0.916500 0.764336 0.025875 0.050391
9 0.662477 0.763891 0.025422 0.050844
