20 0.465727 0.062773 0.036891 0.030609
20 0.536711 0.168969 0.022734 0.032406
20 0.586094 0.220047 0.033750 0.029687
20 0.379891 0.235008 0.033531 0.031266
20 0.536578 0.316977 0.024313 0.030609
20 0.397867 0.434656 0.034422 0.030594
20 0.611680 0.623719 0.033297 0.031281
20 0.867391 0.623719 0.037125 0.029031
20 0.733703 0.722531 0.024062 0.031406
20 0.453891 0.716328 0.026094 0.031406
9 0.386406 0.322297 0.051719 0.026094
6 0.467555 0.285734 0.076953 0.079375
2 0.763391 0.285906 0.077187 0.079188
2 0.763391 0.138195 0.077187 0.076703
2 0.223328 0.235898 0.079062 0.078078
16 0.406125 0.492133 0.049719 0.027547
16 0.406578 0.297039 0.052500 0.025922
20 0.889203 0.969109 0.042031 0.031563
6 0.467680 0.137906 0.078297 0.078031
9 0.385813 0.517297 0.051563 0.025469
2 0.223687 0.679422 0.079063 0.079219
2 0.519180 0.478695 0.079203 0.077391
2 0.796242 0.478969 0.077172 0.077406
6 0.796000 0.699984 0.077250 0.078375
6 0.518781 0.699422 0.078563 0.077625
