9 0.500977 0.856023 0.026547 0.050391
20 0.768938 0.826359 0.022469 0.035406
20 0.670234 0.935719 0.026000 0.031906
20 0.468109 0.822836 0.021281 0.033109
2 0.074922 0.247031 0.079219 0.079219
2 0.813070 0.688820 0.077766 0.079047
2 0.369844 0.689305 0.078406 0.078734
6 0.939477 0.949180 0.078516 0.077516
6 0.732477 0.889305 0.076859 0.079172
6 0.436570 0.888977 0.076859 0.078516
6 0.344070 0.296023 0.079172 0.078609
20 0.374133 0.935719 0.022453 0.031906
16 0.773672 0.053133 0.025594 0.050547
16 0.525945 0.875508 0.025203 0.050391
7 0.072070 0.865773 0.059703 0.031328
20 0.383594 0.196352 0.022469 0.030734
20 0.401320 0.331109 0.024828 0.033094
20 0.698016 0.724727 0.024812 0.033109
11 0.195773 0.865602 0.059703 0.031672
0 0.810422 0.074719 0.040781 0.050625
2 0.575766 0.296883 0.077375 0.079328
