20 0.704688 0.771617 0.023938 0.033047
20 0.704523 0.579641 0.024328 0.032719
10 0.553133 0.155781 0.025891 0.052000
20 0.930500 0.771445 0.022687 0.032078
20 0.929383 0.386703 0.024922 0.034344
20 0.195250 0.503125 0.023906 0.030937
20 0.133922 0.411875 0.040938 0.031562
21 0.118828 0.462516 0.159125 0.028500
21 0.668992 0.318344 0.030078 0.158750
20 0.703703 0.387992 0.022687 0.031109
14 0.485992 0.318664 0.028891 0.159922
14 0.485797 0.511047 0.028500 0.159125
14 0.485945 0.704555 0.029328 0.159703
14 0.118602 0.710633 0.159672 0.028859
21 0.669625 0.511047 0.029687 0.159125
14 0.118547 0.154242 0.159000 0.028703
19 0.580008 0.174391 0.025016 0.051125
21 0.669187 0.705039 0.030781 0.160266
21 0.893648 0.704484 0.028859 0.160281
21 0.893781 0.318937 0.028594 0.160000
