9 0.750766 0.241930 0.035313 0.048141
17 0.835602 0.530461 0.079516 0.077859
17 0.577789 0.530461 0.079172 0.077859
17 0.814492 0.095336 0.076203 0.079172
9 0.684453 0.242289 0.037250 0.047547
13 0.258531 0.062758 0.078000 0.076609
13 0.258703 0.211133 0.078344 0.079391
13 0.258359 0.358617 0.077656 0.076266
13 0.258531 0.506164 0.077312 0.079391
13 0.577820 0.382812 0.078297 0.078594
13 0.835930 0.382961 0.079172 0.078297
13 0.593852 0.095180 0.079203 0.078953
13 0.353742 0.842703 0.079078 0.077281
13 0.206672 0.842703 0.077281 0.077281
13 0.059070 0.842797 0.078484 0.077281
16 0.724766 0.225906 0.039156 0.045625
16 0.658344 0.226586 0.035375 0.047516
1 0.424891 0.966281 0.050625 0.039062
