20 0.069617 0.147672 0.025672 0.032656
20 0.256242 0.118742 0.035922 0.030797
20 0.287031 0.213227 0.025656 0.031266
20 0.539211 0.243789 0.034516 0.029859
20 0.486313 0.424281 0.022687 0.030938
20 0.713750 0.428031 0.034687 0.031312
20 0.781187 0.498687 0.025000 0.032500
20 0.731672 0.013875 0.023438 0.027750
20 0.353203 0.727828 0.022688 0.031125
9 0.549766 0.626656 0.025937 0.051094
9 0.613742 0.144625 0.025891 0.051031
2 0.133672 0.567328 0.077219 0.077219
9 0.407531 0.944922 0.050625 0.026094
2 0.779836 0.656422 0.077859 0.078969
2 0.133680 0.789805 0.077766 0.076141
2 0.471875 0.794156 0.078937 0.077250
2 0.485133 0.581883 0.077766 0.078297
20 0.160172 0.986641 0.021406 0.026719
20 0.363422 0.838547 0.023625 0.030938
2 0.133813 0.347227 0.076781 0.078734
6 0.305602 0.794328 0.076672 0.077750
6 0.780078 0.434047 0.078531 0.078938
6 0.485406 0.361188 0.076219 0.079313
6 0.225687 0.196719 0.077750 0.077750
16 0.585641 0.160719 0.023219 0.049406
20 0.064484 0.099617 0.023781 0.031734
