21 0.669672 0.319148 0.030781 0.159609
21 0.669953 0.511250 0.031344 0.160750
21 0.669383 0.704492 0.030203 0.161891
21 0.893984 0.704781 0.030219 0.161313
21 0.893695 0.318008 0.028516 0.159609
19 0.580391 0.174766 0.024812 0.051562
14 0.485961 0.704758 0.029453 0.158672
14 0.485719 0.318469 0.028969 0.159844
14 0.118203 0.710117 0.163125 0.029797
14 0.486289 0.510805 0.028984 0.160078
14 0.118914 0.152672 0.161703 0.029781
10 0.553828 0.156016 0.025844 0.051406
21 0.119008 0.462805 0.159609 0.029641
