6 0.407813 0.350430 0.079031 0.077516
6 0.805680 0.137203 0.077203 0.079031
2 0.658078 0.137250 0.078750 0.078750
2 0.725219 0.673516 0.078125 0.077813
2 0.282641 0.673359 0.078906 0.078750
20 0.832273 0.071875 0.028547 0.031500
20 0.746086 0.169641 0.023172 0.031719
2 0.112359 0.129500 0.078750 0.079125
20 0.720906 0.378688 0.030375 0.031312
20 0.469844 0.381687 0.023250 0.031688
20 0.443438 0.279922 0.031875 0.032031
20 0.490242 0.865648 0.033516 0.033078
2 0.112359 0.350281 0.078375 0.077062
5 0.811000 0.244445 0.026313 0.049953
15 0.838813 0.228820 0.024219 0.050359
2 0.407766 0.129562 0.078750 0.078750
