2 0.484391 0.388539 0.078313 0.079203
2 0.855391 0.832031 0.077187 0.076250
2 0.630812 0.831609 0.078750 0.076312
2 0.484383 0.832078 0.078734 0.077250
2 0.279719 0.831609 0.077812 0.077062
2 0.057813 0.832078 0.078375 0.076500
1 0.162359 0.270695 0.050469 0.047172
1 0.411750 0.271844 0.044531 0.050156
1 0.911680 0.270898 0.049078 0.047891
2 0.270594 0.109781 0.078563 0.076406
2 0.712992 0.110187 0.076672 0.076688
2 0.855547 0.389234 0.076688 0.078563
2 0.855555 0.610227 0.077766 0.077766
2 0.631180 0.609961 0.078828 0.076672
2 0.484164 0.610500 0.079641 0.076687
2 0.279906 0.609820 0.078844 0.076953
2 0.057969 0.610094 0.078844 0.077500
2 0.057898 0.389445 0.078078 0.078297
2 0.279188 0.388766 0.078750 0.078313
2 0.631203 0.389328 0.078969 0.078969
