20 0.352625 0.124906 0.024562 0.032250
6 0.070055 0.163242 0.079453 0.077516
6 0.291211 0.163109 0.077516 0.077250
6 0.513336 0.162969 0.077516 0.078625
6 0.513211 0.578500 0.077891 0.077125
6 0.291188 0.578555 0.077312 0.078078
6 0.069930 0.578656 0.079609 0.078656
16 0.580984 0.046812 0.049500 0.033531
16 0.580813 0.328672 0.049125 0.033188
2 0.845070 0.180195 0.078078 0.077172
2 0.069906 0.356602 0.078750 0.077172
2 0.290852 0.356602 0.076953 0.077172
2 0.513156 0.356570 0.076719 0.077172
20 0.131750 0.125188 0.023063 0.030563
20 0.574906 0.124719 0.022875 0.031500
20 0.131781 0.540203 0.024531 0.030469
20 0.353734 0.540672 0.022188 0.031406
20 0.574719 0.540984 0.024688 0.030938
9 0.580992 0.299531 0.049891 0.033375
9 0.580688 0.018148 0.050219 0.033203
