9 0.701602 0.239492 0.033484 0.047797
6 0.858031 0.095375 0.079031 0.079031
9 0.670969 0.864078 0.027187 0.050437
9 0.782195 0.239086 0.032672 0.049141
2 0.069687 0.071859 0.077437 0.078562
2 0.365000 0.071883 0.076687 0.078578
2 0.610953 0.095016 0.078375 0.078187
2 0.364961 0.515445 0.077172 0.079203
2 0.069398 0.515414 0.077141 0.078234
2 0.192055 0.776133 0.077766 0.078734
2 0.561734 0.776773 0.075812 0.078734
20 0.677352 0.498922 0.021703 0.031094
16 0.672594 0.221164 0.032656 0.048859
16 0.753844 0.221297 0.032125 0.048594
2 0.820352 0.852922 0.078734 0.077437
2 0.620172 0.392359 0.078750 0.078125
2 0.859469 0.387281 0.077344 0.078594
20 0.922133 0.496172 0.021391 0.030781
20 0.917273 0.051516 0.023766 0.029969
6 0.619938 0.539992 0.079250 0.077891
6 0.859328 0.535172 0.078813 0.076969
20 0.623391 0.886688 0.021750 0.030375
20 0.258797 0.883312 0.023062 0.030375
