2 0.188023 0.489461 0.076984 0.077922
2 0.163523 0.705016 0.078391 0.078844
2 0.163289 0.851289 0.076984 0.076516
2 0.459562 0.851047 0.078844 0.077906
2 0.458625 0.704547 0.077906 0.078844
2 0.556813 0.563750 0.077438 0.078406
2 0.894555 0.659656 0.077109 0.078406
20 0.396406 0.076977 0.022031 0.031109
20 0.630539 0.796453 0.042766 0.031094
20 0.590039 0.862875 0.023328 0.029812
20 0.332617 0.795312 0.021703 0.030781
20 0.293250 0.863523 0.021375 0.032391
20 0.868539 0.511187 0.035766 0.030719
20 0.875344 0.785102 0.036937 0.028766
16 0.667227 0.587445 0.028359 0.049141
16 0.680133 0.691172 0.049672 0.025375
20 0.590687 0.715617 0.022031 0.030141
16 0.160031 0.917734 0.048594 0.039156
20 0.617891 0.648711 0.041469 0.030453
9 0.680703 0.662586 0.049000 0.034203
9 0.643828 0.587375 0.028500 0.049562
6 0.335594 0.046781 0.079500 0.078344
6 0.335367 0.268539 0.078109 0.079266
6 0.335602 0.489266 0.078578 0.078125
6 0.311594 0.851992 0.077125 0.077516
6 0.311797 0.704609 0.077125 0.079031
6 0.606828 0.851898 0.077313 0.077703
6 0.606875 0.704438 0.077125 0.079031
20 0.293250 0.713992 0.021375 0.030141
20 0.324352 0.648711 0.040172 0.030453
20 0.395148 0.520727 0.022359 0.030453
20 0.463672 0.454633 0.040813 0.030453
20 0.395148 0.298141 0.023016 0.029812
20 0.430813 0.203555 0.035375 0.030516
2 0.187320 0.046469 0.076516 0.079312
2 0.188023 0.268547 0.077922 0.079312
