9 0.396711 0.717578 0.049422 0.029156
13 0.250219 0.188500 0.077750 0.079375
13 0.250539 0.336086 0.077109 0.077766
13 0.250383 0.506828 0.077422 0.077750
13 0.251031 0.727867 0.076844 0.078484
16 0.695594 0.768102 0.032719 0.047297
9 0.964117 0.911172 0.045891 0.038875
9 0.097031 0.246688 0.046000 0.043094
20 0.023734 0.182641 0.023281 0.030625
20 0.018188 0.407016 0.024375 0.030625
20 0.018641 0.625016 0.025313 0.031875
20 0.443656 0.978625 0.023062 0.030375
20 0.916188 0.642734 0.023906 0.031094
20 0.912359 0.415938 0.023750 0.030938
20 0.924641 0.191641 0.022938 0.032656
0 0.655453 0.785625 0.045781 0.049844
6 0.854445 0.674680 0.079703 0.079703
6 0.854602 0.453398 0.079391 0.079703
6 0.854766 0.232102 0.079063 0.077766
2 0.559523 0.675023 0.079391 0.079109
2 0.559273 0.452820 0.079109 0.078578
2 0.559148 0.231820 0.078297 0.077766
