2 0.538070 0.234414 0.077234 0.078078
6 0.907914 0.464555 0.079922 0.078578
20 0.150188 0.826906 0.023750 0.030156
11 0.387813 0.914703 0.032062 0.058594
15 0.735469 0.762148 0.033969 0.049047
15 0.818828 0.762156 0.034187 0.049500
18 0.097773 0.874992 0.063984 0.013234
20 0.907031 0.954547 0.033125 0.031250
20 0.846344 0.677266 0.037219 0.030625
20 0.920250 0.397508 0.038125 0.029234
20 0.844859 0.485789 0.024219 0.029859
20 0.746484 0.486094 0.023281 0.030938
20 0.597906 0.486484 0.022500 0.029687
20 0.735062 0.392937 0.038813 0.030375
20 0.555906 0.392687 0.027563 0.029625
1 0.743477 0.787016 0.050859 0.045438
12 0.098516 0.088617 0.067062 0.012641
20 0.159484 0.856828 0.022344 0.030313
6 0.538430 0.455508 0.076953 0.077234
6 0.686117 0.455234 0.079641 0.077219
1 0.801977 0.785555 0.050859 0.047484
2 0.907805 0.686500 0.079172 0.076531
2 0.538180 0.676602 0.076859 0.078516
2 0.686297 0.676102 0.078844 0.078172
2 0.907953 0.243484 0.078063 0.078625
2 0.685828 0.234414 0.078625 0.078078
