13 0.696164 0.436445 0.077172 0.078078
13 0.843531 0.732539 0.078969 0.078516
13 0.843641 0.584937 0.078750 0.076281
2 0.312250 0.478664 0.079188 0.078078
13 0.843875 0.880359 0.078937 0.077250
13 0.695937 0.879953 0.076687 0.077688
6 0.734539 0.086969 0.079641 0.076687
6 0.312422 0.258453 0.078563 0.077438
1 0.663789 0.343008 0.050078 0.046703
13 0.696187 0.584859 0.076688 0.077250
13 0.696164 0.732203 0.077172 0.078313
13 0.843648 0.437563 0.077859 0.078531
20 0.802266 0.049078 0.022969 0.030625
20 0.372953 0.296648 0.023656 0.033703
