20 0.219898 0.379945 0.023984 0.030453
20 0.070234 0.759234 0.022344 0.030938
5 0.223133 0.236391 0.050547 0.027219
5 0.223023 0.455031 0.049422 0.026469
2 0.160250 0.056391 0.077031 0.078437
6 0.423359 0.156742 0.078844 0.076953
6 0.160250 0.424719 0.078031 0.078844
6 0.423078 0.516883 0.078750 0.079422
2 0.673172 0.223102 0.078094 0.078078
2 0.673172 0.473883 0.077438 0.078078
2 0.423523 0.369062 0.077109 0.077750
2 0.445828 0.786594 0.077438 0.077625
2 0.888516 0.786594 0.079312 0.077625
15 0.236344 0.263602 0.050594 0.027203
15 0.235922 0.482563 0.050188 0.027500
0 0.810109 0.321727 0.045344 0.049953
20 0.485414 0.114109 0.024953 0.028187
20 0.481516 0.472031 0.022813 0.030625
