20 0.513406 0.497406 0.035813 0.031313
0 0.024273 0.708273 0.048547 0.038484
0 0.023742 0.143109 0.047203 0.036937
16 0.030531 0.649164 0.035344 0.048609
16 0.036836 0.106789 0.048922 0.024953
2 0.070961 0.304133 0.076141 0.079391
2 0.661828 0.156625 0.077500 0.077031
2 0.661453 0.304438 0.077438 0.078937
2 0.661453 0.504594 0.076687 0.078375
2 0.661539 0.652828 0.076734 0.078969
2 0.588187 0.799844 0.076719 0.078750
2 0.588266 0.948203 0.077187 0.079219
2 0.189625 0.933438 0.077031 0.077500
2 0.144695 0.652930 0.078922 0.078922
2 0.144883 0.504219 0.077766 0.078531
2 0.070844 0.156781 0.076687 0.076969
20 0.517250 0.651906 0.038250 0.031688
20 0.355719 0.664000 0.021563 0.030750
20 0.355625 0.517563 0.022875 0.031125
20 0.513188 0.297359 0.036750 0.032813
20 0.349219 0.306547 0.024563 0.032062
20 0.349688 0.159547 0.024000 0.032437
20 0.515375 0.150266 0.033531 0.032625
6 0.366156 0.652750 0.077312 0.079063
6 0.366406 0.504625 0.076750 0.078656
6 0.366406 0.156156 0.077656 0.077656
6 0.366180 0.304484 0.078109 0.079719
