15 0.724453 0.769367 0.023937 0.050734
20 0.689156 0.471500 0.024031 0.030781
20 0.644867 0.382672 0.031047 0.030781
20 0.828875 0.383344 0.032406 0.032125
2 0.629594 0.666984 0.078562 0.078313
2 0.355945 0.669016 0.077234 0.076406
2 0.208797 0.669281 0.076687 0.076937
2 0.776984 0.223945 0.076406 0.077484
2 0.629430 0.223937 0.078297 0.076406
2 0.208094 0.226469 0.076469 0.079063
2 0.356320 0.226305 0.078734 0.078734
2 0.777008 0.666711 0.076953 0.078297
1 0.765891 0.783836 0.043875 0.050141
20 0.673047 0.972812 0.030937 0.031094
20 0.540859 0.959844 0.030000 0.031094
20 0.268594 0.472828 0.023625 0.030594
20 0.415633 0.473500 0.022047 0.031062
16 0.467758 0.757492 0.025672 0.049391
20 0.406852 0.385297 0.032391 0.029250
0 0.489875 0.784414 0.046188 0.049766
20 0.224148 0.384961 0.029703 0.030828
20 0.953477 0.472578 0.023484 0.032937
20 0.836437 0.471672 0.024313 0.031656
6 0.208523 0.447961 0.077797 0.078078
6 0.356141 0.448648 0.078344 0.078891
6 0.629562 0.445492 0.078625 0.079172
6 0.777320 0.445625 0.077797 0.078344
