6 0.095172 0.866961 0.079719 0.078797
6 0.242930 0.866617 0.077422 0.078109
6 0.390227 0.866852 0.079266 0.079953
20 0.301641 0.905000 0.022656 0.030625
20 0.153297 0.904859 0.022656 0.030469
20 0.758711 0.394617 0.022953 0.030609
20 0.448359 0.479375 0.022031 0.031250
20 0.300516 0.480500 0.025156 0.030000
20 0.152969 0.480000 0.022656 0.029687
15 0.479586 0.696453 0.035953 0.045531
20 0.448594 0.904813 0.022969 0.031250
2 0.094664 0.663445 0.077453 0.078391
2 0.243023 0.662508 0.076516 0.077453
1 0.475391 0.263086 0.050031 0.038766
2 0.390461 0.662742 0.078391 0.076984
2 0.101875 0.123992 0.076156 0.078391
2 0.102148 0.271797 0.076703 0.079500
2 0.397211 0.271797 0.076703 0.079500
2 0.397211 0.123727 0.075578 0.077859
2 0.698469 0.800789 0.079062 0.078078
5 0.472664 0.735430 0.049672 0.024578
6 0.698375 0.358000 0.079719 0.079250
6 0.095398 0.441758 0.079047 0.080172
6 0.242813 0.441523 0.077438 0.079266
6 0.390344 0.441867 0.078813 0.079047
