2 0.167016 0.642422 0.078406 0.076469
2 0.167016 0.421945 0.077750 0.078734
9 0.676656 0.523664 0.040500 0.047516
9 0.677195 0.240570 0.039422 0.046703
2 0.503297 0.835734 0.078875 0.078844
20 0.472664 0.161000 0.022797 0.030156
3 0.054477 0.872344 0.079391 0.077313
6 0.404117 0.195563 0.079109 0.078563
3 0.202336 0.872687 0.076953 0.078000
2 0.882914 0.320453 0.078078 0.079438
2 0.882781 0.599125 0.078937 0.076688
2 0.781406 0.930063 0.078188 0.077437
15 0.679648 0.864555 0.040766 0.045516
15 0.878375 0.951844 0.046312 0.040375
5 0.682891 0.821203 0.046000 0.039531
1 0.261531 0.356375 0.039688 0.050219
2 0.477922 0.638766 0.079406 0.078562
