1 0.547719 0.767703 0.048688 0.047906
2 0.197297 0.663813 0.076937 0.079188
2 0.197297 0.441734 0.077406 0.078750
2 0.197297 0.220117 0.076937 0.078297
2 0.843953 0.442188 0.078750 0.078750
2 0.621422 0.442070 0.079188 0.079422
2 0.843609 0.219883 0.078969 0.079203
2 0.621422 0.220109 0.079188 0.078750
1 0.392742 0.767703 0.049078 0.048688
2 0.419367 0.220109 0.076953 0.078750
2 0.843500 0.664031 0.077406 0.078750
2 0.419711 0.442188 0.077172 0.080094
2 0.621984 0.664039 0.078063 0.078297
2 0.419711 0.664039 0.077172 0.079203
