2 0.207711 0.384391 0.078922 0.079312
2 0.560883 0.827547 0.078109 0.076781
2 0.775516 0.827047 0.077125 0.076500
2 0.923273 0.827227 0.077141 0.076797
2 0.923742 0.605219 0.076797 0.076781
2 0.776000 0.605687 0.075500 0.075844
2 0.560703 0.605219 0.078406 0.077438
2 0.923258 0.384094 0.077109 0.079062
2 0.776164 0.384070 0.076453 0.079734
2 0.560867 0.384258 0.078078 0.078734
6 0.230266 0.068484 0.077250 0.078063
1 0.083875 0.273867 0.039031 0.051141
1 0.350219 0.271945 0.040406 0.049953
1 0.864656 0.272445 0.038188 0.049016
2 0.673250 0.068258 0.078562 0.078297
2 0.059578 0.384195 0.077375 0.078922
2 0.059969 0.605422 0.076594 0.077375
2 0.208477 0.605422 0.076641 0.077375
2 0.413195 0.604836 0.076203 0.078547
2 0.059383 0.826641 0.076984 0.075812
2 0.207914 0.827031 0.076984 0.076594
2 0.412805 0.827227 0.076984 0.077766
2 0.412828 0.383695 0.076000 0.078391
20 0.172812 0.038297 0.022125 0.031875
