2 0.135867 0.605609 0.078141 0.077375
5 0.737586 0.605484 0.038703 0.049062
2 0.283414 0.605422 0.076984 0.078531
2 0.135867 0.827234 0.078141 0.077375
2 0.283609 0.827430 0.077375 0.076984
2 0.825602 0.830539 0.078922 0.076984
2 0.826375 0.607758 0.078156 0.076984
2 0.577930 0.498500 0.078141 0.077750
2 0.826156 0.387203 0.076781 0.078094
2 0.283617 0.384281 0.077109 0.077438
2 0.136031 0.384609 0.080031 0.078719
2 0.773445 0.068773 0.078078 0.078078
2 0.330406 0.068133 0.077438 0.079703
1 0.286758 0.273289 0.038766 0.049484
1 0.924156 0.272570 0.038937 0.050859
