13 0.217242 0.771422 0.077672 0.077313
13 0.216930 0.918789 0.079391 0.075922
2 0.082969 0.110266 0.078750 0.076250
20 0.376063 0.883250 0.022688 0.029156
20 0.375734 0.736969 0.023344 0.029500
20 0.375898 0.586797 0.020422 0.029156
20 0.376227 0.440664 0.023641 0.030453
20 0.376391 0.292922 0.022688 0.031750
17 0.440109 0.328953 0.079781 0.077438
17 0.438930 0.476695 0.079328 0.078391
17 0.439164 0.623953 0.078859 0.077438
17 0.438930 0.771922 0.078391 0.077906
17 0.438930 0.919422 0.079328 0.077438
9 0.497828 0.661828 0.049250 0.026562
1 0.739906 0.272680 0.048937 0.048391
2 0.659195 0.831742 0.078297 0.077172
2 0.806906 0.831516 0.076281 0.076719
2 0.806789 0.610008 0.076953 0.076953
16 0.498367 0.688555 0.049422 0.026203
2 0.659195 0.610125 0.078297 0.077625
2 0.659688 0.388906 0.078188 0.078000
2 0.807359 0.388992 0.077625 0.078578
2 0.560266 0.082141 0.076875 0.076875
13 0.217109 0.400953 0.078625 0.076125
13 0.216906 0.476234 0.078219 0.078594
13 0.216281 0.623945 0.078625 0.077797
