2 0.723102 0.870266 0.078859 0.078375
2 0.944937 0.689758 0.077906 0.078391
2 0.944937 0.467914 0.077906 0.076484
2 0.723344 0.467914 0.077438 0.077422
2 0.382742 0.467914 0.078391 0.076484
2 0.382742 0.689047 0.079328 0.077906
2 0.377984 0.938555 0.078188 0.076859
2 0.155805 0.937570 0.078516 0.076859
2 0.161586 0.688344 0.076203 0.077188
2 0.161281 0.467852 0.076531 0.076203
0 0.064031 0.397625 0.047563 0.048375
2 0.939937 0.197953 0.076969 0.079250
20 0.561906 0.172492 0.022031 0.030453
2 0.053906 0.197672 0.077531 0.078844
6 0.496695 0.197937 0.078578 0.079250
1 0.793055 0.398172 0.045359 0.049938
2 0.723555 0.688805 0.078797 0.079328
2 0.944922 0.870031 0.078813 0.076969
