2 0.339016 0.478414 0.077719 0.077422
2 0.337930 0.874789 0.077766 0.079703
2 0.781359 0.875125 0.078750 0.079125
2 0.783047 0.626750 0.079875 0.079656
2 0.782719 0.478812 0.077844 0.076719
2 0.782375 0.253922 0.078531 0.076500
2 0.782828 0.105867 0.078531 0.079203
16 0.245391 0.937609 0.047437 0.037875
16 0.265734 0.582766 0.050625 0.025875
16 0.264859 0.160695 0.051313 0.025391
6 0.561609 0.106297 0.077250 0.078719
6 0.561234 0.253859 0.076500 0.077594
6 0.561797 0.479047 0.077625 0.076906
6 0.561539 0.626344 0.077172 0.078313
6 0.560305 0.875188 0.076953 0.078750
9 0.244539 0.969516 0.047922 0.035562
9 0.245906 0.608555 0.050531 0.025922
9 0.245258 0.185742 0.049891 0.026578
20 0.622531 0.413500 0.023438 0.031563
20 0.630297 0.509078 0.024375 0.032437
20 0.629281 0.654500 0.023813 0.029250
20 0.628578 0.906281 0.024031 0.031594
20 0.570125 0.807188 0.034563 0.030500
20 0.108156 0.879945 0.034563 0.031859
20 0.103969 0.563109 0.035375 0.031594
20 0.098273 0.168352 0.037266 0.031109
20 0.506023 0.201727 0.030453 0.031766
20 0.628953 0.285367 0.024875 0.029547
20 0.629727 0.137047 0.022547 0.029938
2 0.339844 0.253828 0.077625 0.076281
2 0.340000 0.626641 0.077125 0.076469
