20 0.643234 0.569063 0.022969 0.030938
13 0.192156 0.835266 0.078750 0.077438
13 0.840312 0.392031 0.077250 0.078188
6 0.784594 0.079578 0.079844 0.078906
13 0.578453 0.391906 0.078906 0.079687
13 0.840016 0.613687 0.076563 0.077969
13 0.192258 0.392617 0.077766 0.078734
2 0.506094 0.086758 0.077750 0.076953
6 0.062648 0.086570 0.077484 0.077766
1 0.913164 0.271219 0.044484 0.051719
13 0.839609 0.834953 0.077969 0.078438
17 0.578180 0.613859 0.079172 0.078344
17 0.192078 0.613312 0.077813 0.077813
13 0.578156 0.834820 0.078125 0.076891
9 0.422086 0.269531 0.035766 0.048375
9 0.047922 0.258398 0.049406 0.025109
20 0.130359 0.050500 0.024062 0.031094
20 0.850250 0.039219 0.021562 0.030000
16 0.059469 0.293156 0.047187 0.038750
16 0.397484 0.269188 0.035937 0.049375
20 0.256125 0.573750 0.024063 0.030312
