2 0.736992 0.396695 0.078078 0.079391
1 0.962305 0.269062 0.038922 0.051469
1 0.592313 0.315422 0.049406 0.037062
6 0.226242 0.383828 0.079172 0.078188
6 0.062289 0.120906 0.079172 0.078188
20 0.095562 0.042219 0.038750 0.031719
20 0.121891 0.151828 0.022031 0.031250
20 0.285625 0.410594 0.021375 0.032438
20 0.250000 0.455312 0.022125 0.030375
20 0.015016 0.646609 0.023125 0.032031
16 0.021703 0.284687 0.025312 0.048938
2 0.504687 0.120805 0.079375 0.077109
2 0.947594 0.121297 0.077438 0.078094
2 0.958430 0.396687 0.077078 0.077438
2 0.548258 0.404469 0.077766 0.077437
2 0.179180 0.625602 0.078922 0.078141
2 0.180148 0.847023 0.078547 0.077766
2 0.474859 0.847023 0.078531 0.077766
2 0.737102 0.839633 0.078922 0.078547
2 0.958719 0.839633 0.076594 0.077766
2 0.958719 0.617437 0.076594 0.077375
2 0.737109 0.617242 0.076594 0.076984
2 0.474469 0.626188 0.078531 0.080094
