20 0.907680 0.805609 0.024016 0.031344
20 0.471687 0.472656 0.022687 0.031438
20 0.282141 0.475734 0.023969 0.031094
20 0.300125 0.382094 0.024313 0.031750
20 0.115609 0.542969 0.022031 0.030781
20 0.059555 0.474766 0.023984 0.032406
20 0.069766 0.383883 0.035969 0.032078
17 0.222594 0.445070 0.077187 0.079172
17 0.412445 0.442266 0.078172 0.080156
17 0.634289 0.442266 0.078516 0.078844
9 0.146281 0.729617 0.024531 0.051078
2 0.540172 0.872625 0.078406 0.077750
2 0.097422 0.872469 0.077437 0.077437
9 0.122547 0.728602 0.024312 0.049953
17 0.855648 0.441773 0.077859 0.078516
13 0.222547 0.223492 0.077438 0.079047
13 0.411930 0.220734 0.078422 0.077438
20 0.913484 0.867305 0.024312 0.030484
16 0.984594 0.706516 0.025125 0.049313
16 0.101430 0.706648 0.025859 0.049266
13 0.634195 0.220734 0.079047 0.077438
13 0.855000 0.220734 0.077438 0.077438
13 0.855406 0.663984 0.077250 0.079125
13 0.412250 0.664172 0.078563 0.079125
13 0.634625 0.663891 0.078938 0.078937
13 0.222687 0.666312 0.077969 0.077656
20 0.709984 0.381773 0.023656 0.031109
20 0.929492 0.381609 0.025266 0.030125
20 0.913617 0.472008 0.025922 0.030141
20 0.693945 0.472492 0.023328 0.032391
20 0.520281 0.381445 0.033688 0.031109
