9 0.721578 0.311688 0.033375 0.048594
6 0.842727 0.125391 0.077516 0.077844
2 0.397203 0.782609 0.076500 0.078750
2 0.397641 0.929625 0.077250 0.078375
2 0.698328 0.915609 0.078281 0.078750
9 0.923375 0.972242 0.048344 0.036172
2 0.102328 0.929625 0.076875 0.078375
2 0.102234 0.782656 0.076563 0.078281
2 0.835891 0.426437 0.078031 0.078844
2 0.560781 0.426438 0.078188 0.078750
2 0.547773 0.125594 0.076953 0.076719
2 0.247586 0.180039 0.076734 0.076734
6 0.560672 0.573203 0.078844 0.079500
6 0.835961 0.573203 0.078516 0.078844
20 0.613641 0.601625 0.023125 0.031250
16 0.693531 0.294602 0.033750 0.048328
20 0.785187 0.167539 0.024531 0.031047
16 0.457680 0.294187 0.033484 0.048062
9 0.485219 0.311852 0.033063 0.048922
1 0.475031 0.980031 0.049937 0.038937
20 0.888625 0.604375 0.023438 0.031094
