1 0.272023 0.402438 0.049766 0.039594
9 0.210328 0.394898 0.036937 0.047828
6 0.378938 0.885797 0.077250 0.078344
2 0.768016 0.263602 0.076406 0.077766
2 0.387562 0.039328 0.078031 0.078656
2 0.461109 0.260633 0.078031 0.076672
2 0.313938 0.259914 0.079187 0.077391
2 0.113242 0.257891 0.076953 0.078313
16 0.183766 0.368711 0.034344 0.046328
20 0.323109 0.925141 0.024219 0.031406
20 0.100844 0.925062 0.025313 0.032188
20 0.185844 0.810500 0.037187 0.032813
20 0.408500 0.809203 0.034219 0.032188
20 0.653813 0.782906 0.032188 0.032969
20 0.143172 0.096891 0.037969 0.032188
20 0.827656 0.736172 0.024688 0.031719
6 0.392234 0.559461 0.078625 0.078078
20 0.806938 0.631109 0.034219 0.032969
20 0.870734 0.540773 0.031719 0.032203
6 0.767781 0.706047 0.076938 0.078656
20 0.454125 0.589750 0.022813 0.032344
20 0.326359 0.554109 0.035156 0.032656
20 0.117805 0.385125 0.037172 0.032344
6 0.157094 0.885664 0.077250 0.078078
16 0.491609 0.849922 0.051469 0.026406
20 0.126328 0.046797 0.021719 0.031406
6 0.112961 0.037305 0.076703 0.074609
