20 0.057672 0.931477 0.023219 0.031047
20 0.282578 0.928234 0.021062 0.030500
13 0.218953 0.750031 0.077875 0.078469
2 0.543953 0.577430 0.078031 0.076953
2 0.543539 0.282187 0.078297 0.077219
2 0.765266 0.282641 0.078750 0.076719
2 0.765375 0.577164 0.078531 0.078078
2 0.371719 0.096797 0.078031 0.078844
2 0.117516 0.246516 0.077219 0.078563
5 0.301453 0.414461 0.033125 0.049922
5 0.301687 0.177211 0.032656 0.048516
6 0.372063 0.465555 0.078625 0.078609
13 0.588328 0.960844 0.076125 0.076969
9 0.814242 0.746875 0.046984 0.036438
13 0.589063 0.739609 0.076688 0.076094
2 0.114719 0.496906 0.077750 0.079062
20 0.428844 0.495531 0.022688 0.030938
