2 0.828063 0.371070 0.078031 0.078297
2 0.605859 0.371609 0.078031 0.078844
2 0.827562 0.815031 0.078531 0.078750
2 0.367156 0.841617 0.078844 0.079109
2 0.144945 0.841187 0.078297 0.077219
2 0.367242 0.619508 0.077422 0.077109
2 0.145305 0.398219 0.078734 0.079063
20 0.827937 0.065984 0.023281 0.030625
1 0.394844 0.269195 0.040188 0.053203
2 0.145469 0.619508 0.079063 0.077109
2 0.366734 0.398250 0.078469 0.079000
6 0.827977 0.593547 0.079953 0.079500
6 0.651352 0.625852 0.078578 0.077203
6 0.390422 0.120758 0.078625 0.077484
20 0.680375 0.693344 0.022500 0.030938
20 0.403727 0.034547 0.036234 0.031937
20 0.887187 0.620906 0.021406 0.032344
20 0.874531 0.655281 0.022969 0.030469
20 0.711078 0.653422 0.023906 0.031719
16 0.792727 0.531453 0.049234 0.025906
20 0.450750 0.152336 0.022281 0.031734
