6 0.502891 0.277977 0.078531 0.077766
6 0.781078 0.151609 0.078937 0.080094
7 0.876633 0.551547 0.059391 0.031500
11 0.748656 0.550984 0.059938 0.031438
20 0.844133 0.121438 0.022016 0.031250
20 0.938531 0.390344 0.024062 0.032656
2 0.195094 0.769031 0.078750 0.077063
2 0.502906 0.721586 0.078531 0.079422
2 0.195180 0.326320 0.079109 0.079109
2 0.195047 0.105313 0.078844 0.077187
2 0.945641 0.717625 0.076875 0.076875
2 0.195359 0.548406 0.078750 0.078969
15 0.847086 0.282414 0.046734 0.041234
15 0.878172 0.113102 0.045531 0.039984
20 0.580031 0.239477 0.021375 0.031266
6 0.878086 0.418133 0.078547 0.078141
