10 0.416633 0.869453 0.023641 0.052219
19 0.441734 0.887352 0.023906 0.049766
2 0.070438 0.463836 0.079375 0.077766
2 0.217172 0.463672 0.079375 0.077437
2 0.069906 0.684266 0.078750 0.078750
2 0.217094 0.684266 0.079875 0.078375
2 0.484031 0.690219 0.079656 0.076938
20 0.979930 0.620711 0.023641 0.030734
20 0.986430 0.724727 0.022453 0.030734
10 0.394172 0.869211 0.026125 0.051953
6 0.927672 0.689758 0.077531 0.076859
2 0.734781 0.426742 0.079094 0.078734
2 0.443813 0.427219 0.081656 0.079063
5 0.787188 0.604984 0.025531 0.049031
5 0.593422 0.604844 0.024187 0.049719
20 0.403102 0.057461 0.023641 0.036641
14 0.773375 0.938016 0.159719 0.029969
14 0.354453 0.937797 0.160000 0.029687
1 0.364031 0.790172 0.051562 0.038344
