6 0.092875 0.221125 0.076875 0.077250
2 0.670375 0.221070 0.078969 0.076266
2 0.522547 0.221078 0.076281 0.077625
2 0.240516 0.220961 0.078750 0.077391
2 0.817977 0.221070 0.076266 0.076734
2 0.670453 0.442047 0.077969 0.078125
2 0.522563 0.442203 0.077500 0.077813
2 0.240727 0.442344 0.077453 0.078375
2 0.240531 0.663766 0.078188 0.079156
2 0.522625 0.663953 0.077625 0.079156
6 0.092750 0.441797 0.077062 0.079687
6 0.092844 0.663891 0.077625 0.079125
2 0.670188 0.664141 0.078750 0.078781
2 0.817758 0.664047 0.076859 0.078969
20 0.725859 0.941656 0.024375 0.030312
20 0.154656 0.643781 0.022969 0.031250
20 0.156719 0.428063 0.025156 0.030625
20 0.157969 0.212844 0.024219 0.030312
1 0.836453 0.767617 0.049219 0.044797
