1 0.751578 0.080922 0.049688 0.036688
2 0.559266 0.190836 0.078156 0.076984
2 0.116352 0.633445 0.076516 0.077922
15 0.761094 0.849055 0.038500 0.048828
15 0.761758 0.112898 0.038797 0.047891
1 0.369008 0.448945 0.048172 0.046734
1 0.751258 0.817656 0.049922 0.036406
13 0.266359 0.199031 0.076469 0.076781
6 0.558758 0.634266 0.078078 0.078531
17 0.869680 0.158945 0.076203 0.078516
13 0.862453 0.667328 0.078438 0.078750
13 0.868141 0.387453 0.078125 0.078437
13 0.266266 0.420156 0.077031 0.078594
20 0.938992 0.862609 0.022203 0.030781
20 0.626484 0.600703 0.022344 0.030781
20 0.938531 0.117117 0.022719 0.031953
9 0.373352 0.046148 0.044547 0.042391
17 0.869641 0.904766 0.077156 0.078750
