6 0.874016 0.812297 0.076281 0.078125
13 0.800047 0.512367 0.077750 0.078078
5 0.701156 0.480664 0.034063 0.050391
6 0.104445 0.312570 0.079172 0.079172
2 0.482906 0.286289 0.075437 0.076984
2 0.483680 0.508102 0.076203 0.078141
2 0.529445 0.828555 0.078297 0.076953
20 0.942297 0.768703 0.023250 0.030938
17 0.799805 0.290961 0.077859 0.078172
15 0.728453 0.481266 0.033219 0.049938
1 0.304063 0.480094 0.049500 0.048937
20 0.170133 0.277242 0.022734 0.030859
20 0.861664 0.257094 0.024297 0.031062
