13 0.676562 0.420375 0.078750 0.079875
13 0.676406 0.199109 0.079125 0.078000
2 0.388852 0.717875 0.078984 0.077844
20 0.392438 0.137484 0.022875 0.031125
5 0.294820 0.493969 0.038266 0.047906
9 0.933070 0.568852 0.045484 0.040828
5 0.304656 0.068867 0.044437 0.041797
5 0.514336 0.069586 0.047891 0.044484
17 0.331375 0.168641 0.077188 0.077531
13 0.331211 0.389453 0.078984 0.077156
20 0.076250 0.234625 0.022969 0.032187
15 0.337672 0.497312 0.045125 0.040375
2 0.762266 0.727844 0.078312 0.078844
