2 0.818812 0.730438 0.078000 0.077250
2 0.811562 0.371781 0.076500 0.078187
1 0.713094 0.720805 0.048687 0.048359
1 0.153023 0.767594 0.049484 0.047719
1 0.713406 0.289180 0.048937 0.048391
6 0.504500 0.753422 0.079500 0.076969
2 0.811547 0.150133 0.076719 0.078078
2 0.504648 0.310789 0.078516 0.078984
2 0.204078 0.663844 0.077250 0.078562
2 0.203891 0.442500 0.077250 0.079875
2 0.203703 0.220031 0.076875 0.078188
2 0.818500 0.509125 0.078375 0.078750
2 0.818437 0.873969 0.078375 0.077438
20 0.561406 0.798555 0.024031 0.028609
