20 0.688273 0.698891 0.037359 0.031094
20 0.375508 0.699492 0.035328 0.029922
18 0.380437 0.668227 0.063375 0.012453
2 0.204586 0.176820 0.078922 0.078922
2 0.499289 0.176242 0.078922 0.077766
20 0.037203 0.878766 0.022344 0.031563
20 0.018719 0.789016 0.032031 0.031094
20 0.733977 0.692094 0.022516 0.030937
20 0.427937 0.692398 0.022281 0.031047
18 0.684477 0.668414 0.064922 0.012828
2 0.204852 0.396547 0.079922 0.079375
2 0.204336 0.544586 0.079391 0.078297
2 0.499703 0.543602 0.077812 0.078953
2 0.499422 0.398313 0.080625 0.079500
