20 0.910867 0.444414 0.039578 0.030797
20 0.600117 0.978250 0.035734 0.032156
6 0.168398 0.672961 0.079234 0.078453
6 0.165727 0.327805 0.079266 0.078578
20 0.882078 0.259445 0.038500 0.030547
5 0.263539 0.189539 0.025891 0.050391
2 0.611062 0.673094 0.078937 0.078188
2 0.885094 0.133313 0.076875 0.076687
2 0.613094 0.327906 0.076313 0.078187
16 0.964469 0.113453 0.050219 0.024844
16 0.945266 0.299789 0.025281 0.049891
7 0.139148 0.175594 0.059953 0.031750
20 0.233195 0.743594 0.037797 0.033438
20 0.146367 0.688047 0.022234 0.031844
20 0.234641 0.397484 0.035188 0.030781
20 0.151195 0.339758 0.022266 0.031891
20 0.090305 0.022102 0.031891 0.031609
