20 0.261969 0.431594 0.023438 0.029687
20 0.144687 0.164453 0.022500 0.030781
6 0.075445 0.196055 0.078297 0.077766
6 0.191844 0.473289 0.080000 0.079703
6 0.413945 0.473445 0.079672 0.078734
6 0.635094 0.473289 0.078094 0.079703
3 0.907344 0.871891 0.076375 0.077375
2 0.946031 0.642867 0.076688 0.076953
2 0.945656 0.421617 0.076500 0.078516
2 0.961695 0.195937 0.076609 0.076719
2 0.519172 0.196406 0.077781 0.077031
2 0.635180 0.842250 0.076984 0.078531
2 0.413367 0.842250 0.078141 0.078531
2 0.192328 0.841867 0.079313 0.077766
9 0.284031 0.021781 0.041406 0.043562
9 0.817562 0.857500 0.042000 0.046656
20 0.706422 0.423195 0.023594 0.031703
20 0.489023 0.429734 0.023609 0.030469
20 0.038531 0.435969 0.022813 0.030938
