5 0.556539 0.337734 0.036391 0.048156
6 0.456703 0.651391 0.078344 0.079719
2 0.456742 0.429453 0.078141 0.080094
2 0.718016 0.466523 0.078156 0.077328
17 0.695188 0.832828 0.077375 0.078937
2 0.718406 0.614266 0.078156 0.078875
20 0.762312 0.872781 0.023219 0.030781
16 0.568141 0.798695 0.032937 0.049141
0 0.177070 0.353617 0.038766 0.050859
20 0.516078 0.685531 0.023219 0.029969
20 0.717586 0.223266 0.022359 0.030781
15 0.538125 0.376328 0.050312 0.023594
9 0.820477 0.351195 0.038109 0.048984
9 0.539375 0.799289 0.033437 0.049391
6 0.656320 0.182383 0.079266 0.078578
2 0.157648 0.899531 0.078391 0.079312
2 0.212617 0.182672 0.078547 0.079312
2 0.215531 0.451148 0.078937 0.078922
2 0.215266 0.673008 0.078844 0.078859
13 0.473094 0.832406 0.078000 0.078281
