20 0.700859 0.703438 0.023813 0.030938
20 0.354203 0.491773 0.023844 0.031047
2 0.934984 0.381078 0.076250 0.077656
16 0.118562 0.298797 0.039656 0.046656
15 0.420773 0.513469 0.043547 0.041906
2 0.055703 0.230234 0.077344 0.076406
2 0.610547 0.084281 0.077812 0.078375
2 0.935203 0.159938 0.076125 0.076313
6 0.291414 0.514758 0.078297 0.077766
6 0.636469 0.742367 0.077219 0.079391
1 0.418016 0.896016 0.050469 0.039250
1 0.803086 0.018094 0.049484 0.035625
2 0.610672 0.379406 0.077813 0.078375
2 0.286109 0.779594 0.077625 0.077813
2 0.285359 0.926969 0.078000 0.077062
2 0.063734 0.927344 0.078000 0.076312
2 0.063891 0.779687 0.078125 0.077500
9 0.158492 0.317492 0.034828 0.047797
2 0.351359 0.230391 0.077813 0.076875
