20 0.097156 0.174109 0.026531 0.033031
20 0.097195 0.214883 0.021578 0.032453
20 0.282813 0.165805 0.040844 0.034359
20 0.304961 0.130203 0.023672 0.032656
20 0.510055 0.221203 0.034516 0.032281
20 0.512648 0.319445 0.037391 0.031891
20 0.515656 0.422953 0.025812 0.032719
20 0.641328 0.545297 0.037344 0.030781
20 0.509164 0.696758 0.025672 0.032266
20 0.954922 0.644266 0.040813 0.029938
20 0.981969 0.832969 0.032062 0.033188
20 0.775977 0.015922 0.026078 0.031531
20 0.911547 0.069937 0.039187 0.032250
20 0.931641 0.173203 0.026562 0.032031
20 0.978828 0.284297 0.032969 0.031406
9 0.607570 0.250203 0.050766 0.026187
9 0.305969 0.533578 0.025937 0.050156
9 0.062289 0.534820 0.026891 0.051516
16 0.376641 0.312180 0.050625 0.028797
16 0.735945 0.694352 0.040984 0.046359
16 0.804750 0.751859 0.050219 0.026469
6 0.458477 0.385805 0.076203 0.079078
6 0.557383 0.632758 0.077234 0.076047
6 0.872930 0.358977 0.077953 0.078109
6 0.873023 0.137250 0.078578 0.078563
6 0.246992 0.093859 0.078516 0.078188
6 0.039984 0.137234 0.078844 0.077187
16 0.629672 0.287570 0.050625 0.028797
2 0.677000 0.918930 0.077156 0.076734
2 0.441539 0.915031 0.077766 0.075812
2 0.145406 0.914555 0.078406 0.076141
2 0.214438 0.633609 0.078031 0.077750
2 0.237008 0.369320 0.076984 0.078922
2 0.724305 0.359336 0.079422 0.078297
2 0.725336 0.137141 0.079047 0.078406
2 0.458680 0.141688 0.077766 0.078406
0 0.607711 0.319555 0.050859 0.039859
