2 0.807258 0.781781 0.075016 0.077250
2 0.807117 0.929156 0.077203 0.078125
20 0.670094 0.350234 0.023281 0.031406
2 0.845234 0.278422 0.077625 0.078750
20 0.670055 0.572703 0.023172 0.030156
2 0.845438 0.499047 0.078906 0.076250
16 0.390578 0.259711 0.049375 0.033047
2 0.845766 0.056156 0.078750 0.078563
6 0.612672 0.616180 0.078812 0.076984
6 0.612563 0.395227 0.079500 0.079484
6 0.612445 0.173242 0.078797 0.078578
9 0.390383 0.287578 0.048609 0.034031
20 0.670469 0.128562 0.022812 0.030938
2 0.465242 0.616469 0.077766 0.076938
2 0.099680 0.056273 0.077766 0.078734
2 0.247914 0.056109 0.076797 0.079063
2 0.247586 0.278375 0.076141 0.078406
2 0.100164 0.277398 0.078734 0.079047
2 0.464828 0.173211 0.075812 0.078703
2 0.464703 0.395203 0.076687 0.078844
