13 0.274109 0.906813 0.077438 0.077625
20 0.262359 0.243055 0.023406 0.031266
9 0.855383 0.808812 0.048328 0.030781
9 0.424195 0.737398 0.051578 0.028359
9 0.855234 0.201266 0.050250 0.030938
13 0.051086 0.296648 0.076953 0.077766
16 0.424664 0.090680 0.051203 0.028516
16 0.424852 0.410820 0.050859 0.028797
17 0.198344 0.630656 0.078344 0.077250
9 0.852734 0.320188 0.050406 0.030594
1 0.170422 0.818836 0.048531 0.046234
16 0.851953 0.848289 0.040500 0.046328
16 0.873359 0.240570 0.039656 0.047578
9 0.424898 0.384047 0.051578 0.027813
20 0.261844 0.575125 0.022281 0.030375
20 0.701516 0.195125 0.023406 0.029031
16 0.424453 0.764195 0.051531 0.028797
17 0.198461 0.297219 0.077422 0.078125
9 0.424250 0.063453 0.050500 0.027812
6 0.633453 0.231094 0.077062 0.078750
13 0.345414 0.296867 0.078578 0.078016
13 0.936930 0.438719 0.077859 0.079875
2 0.942141 0.173000 0.078562 0.078563
2 0.633727 0.674625 0.077172 0.078750
2 0.942195 0.701180 0.078078 0.079422
13 0.345563 0.630547 0.078750 0.077625
13 0.050594 0.630031 0.077344 0.077344
13 0.052297 0.907000 0.076687 0.078000
