9 0.820625 0.721719 0.027937 0.050813
2 0.581906 0.515484 0.077500 0.078750
2 0.131312 0.496938 0.078438 0.078906
2 0.370797 0.136813 0.076688 0.077750
2 0.581930 0.071875 0.076141 0.078563
5 0.298984 0.415586 0.033750 0.049734
5 0.299344 0.174797 0.032719 0.049250
20 0.430906 0.391664 0.022719 0.029703
2 0.729227 0.072008 0.079109 0.078297
2 0.729641 0.515484 0.078594 0.078437
2 0.127953 0.253188 0.078594 0.079219
2 0.170875 0.851469 0.077188 0.079063
6 0.371188 0.432836 0.077250 0.079172
2 0.956063 0.755328 0.078750 0.077031
13 0.611133 0.850711 0.079047 0.077797
