1 0.973453 0.470289 0.043062 0.050859
1 0.973320 0.159398 0.043984 0.050172
2 0.520672 0.112547 0.077250 0.078344
2 0.782195 0.706578 0.077297 0.078719
9 0.579539 0.785242 0.049578 0.026891
9 0.579195 0.515000 0.048516 0.027531
13 0.099055 0.829562 0.075578 0.077656
13 0.098539 0.682914 0.076609 0.079047
13 0.099062 0.534180 0.077656 0.079047
9 0.580203 0.255750 0.049937 0.027813
6 0.782656 0.263797 0.078562 0.079375
6 0.474117 0.591828 0.077391 0.078750
6 0.475016 0.916172 0.078750 0.076938
20 0.542984 0.873172 0.019437 0.032406
0 0.160359 0.562172 0.045437 0.049625
1 0.086000 0.060922 0.047563 0.050031
1 0.648008 0.098430 0.044266 0.049234
20 0.539258 0.556633 0.021703 0.028516
16 0.150883 0.510266 0.034984 0.048281
16 0.578398 0.542500 0.049578 0.027875
16 0.579023 0.812805 0.049953 0.027672
16 0.975805 0.986703 0.048172 0.026063
2 0.059883 0.112555 0.076984 0.078578
2 0.059508 0.333742 0.075234 0.078672
2 0.325945 0.112789 0.077297 0.078672
2 0.414180 0.320055 0.077297 0.078672
2 0.326633 0.591281 0.077297 0.080719
2 0.327305 0.915523 0.077297 0.079359
