20 0.050078 0.734672 0.022031 0.031094
16 0.266164 0.445820 0.049266 0.032172
5 0.045906 0.087680 0.048781 0.025391
20 0.268594 0.733266 0.021875 0.031406
20 0.760891 0.462484 0.023438 0.031719
20 0.760938 0.316125 0.022500 0.031562
20 0.761187 0.167313 0.021563 0.034125
20 0.760250 0.014031 0.023062 0.027563
9 0.281742 0.417391 0.049953 0.032938
9 0.624641 0.808797 0.035312 0.049719
15 0.045445 0.117391 0.048922 0.025562
20 0.214109 0.156250 0.024375 0.030000
13 0.473594 0.423586 0.079469 0.078203
13 0.473594 0.275898 0.078625 0.077391
13 0.473180 0.127375 0.079453 0.077375
2 0.212977 0.397711 0.077484 0.077766
2 0.442602 0.678734 0.077109 0.077438
2 0.738250 0.678898 0.077438 0.077109
2 0.909320 0.670312 0.078734 0.078719
17 0.695195 0.128133 0.078141 0.077766
17 0.695437 0.276234 0.079125 0.078563
17 0.695156 0.423500 0.078375 0.078375
6 0.157750 0.120742 0.078781 0.079172
6 0.213063 0.692773 0.077312 0.077953
