1 0.481383 0.950453 0.047422 0.051313
9 0.226641 0.573445 0.040312 0.047016
9 0.279727 0.573406 0.040234 0.047250
6 0.478664 0.055227 0.079703 0.077766
6 0.922320 0.750281 0.078734 0.077438
6 0.037289 0.750313 0.074578 0.077219
9 0.485828 0.572273 0.037562 0.047922
9 0.504977 0.233539 0.049047 0.026766
17 0.914672 0.463711 0.077594 0.079578
17 0.625305 0.463906 0.079172 0.078375
17 0.124336 0.463711 0.079578 0.077984
13 0.914430 0.316555 0.077891 0.078391
13 0.625375 0.316555 0.078875 0.078391
13 0.376016 0.489539 0.077375 0.076891
13 0.375766 0.279859 0.076875 0.078875
13 0.124656 0.316055 0.079875 0.077391
2 0.478672 0.750898 0.076781 0.078078
2 0.699359 0.055164 0.076406 0.077484
20 0.191734 0.426469 0.024031 0.030250
20 0.115727 0.710367 0.022672 0.031047
20 0.692797 0.431469 0.022687 0.030781
20 0.977313 0.433000 0.024750 0.030750
20 0.987031 0.711016 0.020937 0.031094
20 0.540219 0.032781 0.022187 0.032344
5 0.271703 0.947406 0.033750 0.048875
16 0.526625 0.573836 0.038563 0.047953
16 0.186570 0.572703 0.036984 0.047250
