20 0.953891 0.426922 0.022500 0.031500
20 0.491781 0.525547 0.022969 0.030625
20 0.459125 0.575391 0.035469 0.031250
20 0.095656 0.901695 0.029969 0.030516
20 0.036266 0.956898 0.019719 0.031297
5 0.928773 0.268625 0.023984 0.049906
15 0.957305 0.285383 0.025016 0.049484
2 0.432734 0.273406 0.078750 0.078281
2 0.847375 0.120828 0.077250 0.077062
2 0.893898 0.839219 0.078297 0.078750
2 0.893812 0.617789 0.078406 0.077109
6 0.893852 0.396914 0.078891 0.078891
2 0.745937 0.396766 0.077344 0.079063
6 0.432703 0.494836 0.079438 0.078891
20 0.939273 0.333656 0.021609 0.030375
