20 0.255078 0.457938 0.021469 0.034063
20 0.073063 0.525945 0.034062 0.031703
6 0.590547 0.619188 0.079188 0.077406
6 0.316328 0.465117 0.078031 0.079391
6 0.814336 0.068195 0.079641 0.078297
20 0.873734 0.106289 0.023625 0.031734
5 0.737133 0.510703 0.049953 0.028188
20 0.943719 0.540781 0.024375 0.032625
5 0.908891 0.464000 0.026094 0.050125
15 0.758344 0.482984 0.050219 0.024313
15 0.936711 0.479422 0.025922 0.048281
2 0.316281 0.244102 0.077438 0.078078
20 0.796344 0.540969 0.024000 0.031500
20 0.604797 0.375844 0.033188 0.032813
20 0.517742 0.637797 0.023328 0.031719
20 0.358422 0.523258 0.032187 0.030328
2 0.192672 0.896219 0.077750 0.077219
6 0.850492 0.503625 0.077766 0.076406
2 0.316523 0.687203 0.077766 0.079656
2 0.635359 0.896219 0.080344 0.077438
2 0.850820 0.725469 0.077109 0.077438
2 0.813867 0.289500 0.079703 0.077375
2 0.589727 0.176742 0.078547 0.078141
