20 0.529742 0.190852 0.022672 0.030266
2 0.450250 0.943641 0.076469 0.078094
16 0.759109 0.372430 0.050625 0.026547
6 0.466930 0.221141 0.078359 0.077438
20 0.524703 0.621859 0.022656 0.032031
6 0.467156 0.442437 0.078344 0.078812
2 0.893484 0.943797 0.077750 0.079063
2 0.891539 0.664188 0.076453 0.078406
2 0.614687 0.664187 0.077438 0.079063
2 0.615164 0.441922 0.077766 0.078406
2 0.891211 0.441758 0.077766 0.078734
2 0.614594 0.220812 0.077344 0.077031
2 0.891750 0.220875 0.077250 0.077437
11 0.296664 0.915484 0.031359 0.060469
6 0.466703 0.664195 0.078344 0.079266
20 0.527375 0.406500 0.022500 0.031688
20 0.067687 0.856563 0.022875 0.031125
9 0.758578 0.346156 0.048594 0.028031
1 0.852555 0.769180 0.049734 0.045359
