2 0.804219 0.737539 0.078406 0.078734
6 0.612633 0.951977 0.078797 0.076516
6 0.139031 0.143016 0.080000 0.077531
7 0.299953 0.074250 0.030719 0.058719
20 0.567484 0.033648 0.022687 0.030516
20 0.197672 0.186234 0.022875 0.030937
20 0.053125 0.771641 0.022812 0.031094
20 0.670156 0.908656 0.021719 0.031094
2 0.509414 0.358305 0.078734 0.077766
1 0.055672 0.932703 0.048688 0.049875
2 0.889813 0.385156 0.076406 0.078562
2 0.435711 0.737352 0.077359 0.078453
2 0.464344 0.952047 0.076469 0.076812
1 0.827594 0.931094 0.047625 0.049250
