20 0.939414 0.855820 0.022422 0.031578
2 0.504172 0.082391 0.078531 0.079187
2 0.823109 0.053250 0.079656 0.077625
2 0.823227 0.497109 0.078078 0.078750
2 0.504469 0.525328 0.078750 0.077406
2 0.061680 0.525680 0.076797 0.076453
20 0.565195 0.850156 0.024578 0.031594
20 0.054219 0.851773 0.023750 0.030516
20 0.887312 0.310078 0.022500 0.029031
15 0.707320 0.062898 0.036422 0.048297
0 0.132141 0.362547 0.039531 0.050406
6 0.504422 0.894438 0.078625 0.077250
6 0.878703 0.812367 0.077250 0.079172
6 0.823508 0.275656 0.079734 0.077250
13 0.191148 0.256750 0.076391 0.077375
