9 0.052812 0.404219 0.042938 0.045625
17 0.869359 0.421664 0.077469 0.078266
20 0.634328 0.264047 0.022812 0.030000
20 0.939219 0.379703 0.024062 0.030937
13 0.179437 0.731469 0.078562 0.078375
2 0.559359 0.748492 0.078750 0.078516
13 0.862523 0.678094 0.078516 0.077625
13 0.868055 0.930367 0.077484 0.077484
13 0.862422 0.193461 0.079063 0.077766
2 0.164945 0.521727 0.077766 0.078297
15 0.761398 0.370406 0.037203 0.047500
1 0.751320 0.338125 0.049703 0.039000
13 0.265117 0.160164 0.077766 0.077484
13 0.264711 0.307719 0.076953 0.079375
9 0.145016 0.670578 0.043469 0.041656
9 0.197133 0.405023 0.043734 0.044547
6 0.559055 0.304836 0.078078 0.077766
