2 0.138484 0.384133 0.078531 0.078078
1 0.055336 0.273891 0.038922 0.051125
1 0.495070 0.272734 0.038266 0.050156
16 0.810164 0.275359 0.035641 0.047625
6 0.559547 0.068328 0.078781 0.079563
13 0.863727 0.388078 0.078484 0.077281
2 0.285773 0.605531 0.077484 0.076687
2 0.286313 0.827211 0.078031 0.076141
2 0.138891 0.827477 0.078563 0.076672
20 0.613406 0.109852 0.024531 0.031047
13 0.864086 0.831570 0.080047 0.077234
13 0.863789 0.684008 0.079047 0.078641
13 0.863258 0.536578 0.078484 0.077281
2 0.501234 0.605125 0.078031 0.078031
2 0.649320 0.827336 0.076141 0.076953
9 0.779766 0.293711 0.024844 0.050484
2 0.501641 0.827070 0.078844 0.076953
2 0.115625 0.069000 0.078406 0.078406
2 0.286062 0.384359 0.078531 0.078531
2 0.139219 0.605258 0.077812 0.076141
2 0.649188 0.605531 0.076406 0.077219
2 0.501367 0.383867 0.078297 0.078297
2 0.649594 0.384406 0.076687 0.077750
