2 0.111547 0.391953 0.076563 0.078656
6 0.528367 0.176125 0.078016 0.079188
20 0.674055 0.154773 0.033047 0.032266
20 0.680477 0.590820 0.022547 0.029547
6 0.885344 0.911352 0.078000 0.079203
6 0.613477 0.885344 0.078016 0.079188
6 0.621750 0.557922 0.078000 0.079188
20 0.945211 0.942461 0.022141 0.031859
2 0.332844 0.687094 0.078281 0.077875
16 0.964414 0.894852 0.049891 0.025922
20 0.670898 0.807602 0.030234 0.031047
20 0.673195 0.916000 0.023484 0.031312
9 0.799445 0.231758 0.049391 0.026453
20 0.770094 0.554656 0.023719 0.031094
20 0.588516 0.207656 0.023719 0.030719
2 0.111594 0.687484 0.077125 0.078656
2 0.332711 0.391953 0.078641 0.078656
20 0.848961 0.842164 0.032141 0.032672
2 0.085797 0.177266 0.078469 0.077125
