2 0.565664 0.663984 0.078391 0.079125
2 0.063836 0.663961 0.079109 0.078578
2 0.064367 0.442289 0.078578 0.078578
2 0.211656 0.441883 0.076687 0.077766
2 0.814023 0.822414 0.077266 0.077266
1 0.038922 0.767344 0.050406 0.045594
1 0.710789 0.654242 0.049484 0.044859
2 0.814219 0.231883 0.077969 0.077172
2 0.814000 0.527484 0.078594 0.077969
2 0.211523 0.663555 0.077484 0.078828
1 0.404492 0.767242 0.050266 0.044859
2 0.417820 0.220984 0.077203 0.076500
2 0.565633 0.220531 0.078078 0.076500
2 0.417820 0.441930 0.077203 0.079203
2 0.566430 0.442609 0.076953 0.077844
2 0.417531 0.663797 0.077250 0.079125
2 0.063695 0.221563 0.078828 0.077219
2 0.212328 0.220883 0.077500 0.076953
15 0.710484 0.691523 0.047906 0.025734
