6 0.593945 0.530273 0.079203 0.077859
16 0.692094 0.947984 0.034656 0.047312
16 0.212812 0.947719 0.036938 0.048188
13 0.218055 0.250695 0.077766 0.077766
13 0.070359 0.250422 0.078844 0.077219
20 0.979859 0.160328 0.022813 0.030625
20 0.667172 0.498836 0.022969 0.031391
1 0.241703 0.316656 0.046812 0.048875
9 0.664797 0.947750 0.036719 0.047250
2 0.593633 0.751789 0.078297 0.078297
2 0.150477 0.751305 0.076672 0.077766
2 0.150367 0.530570 0.074641 0.076984
9 0.186734 0.947563 0.036437 0.048875
