20 0.488187 0.270352 0.022937 0.028609
20 0.191594 0.273055 0.022687 0.031328
13 0.420602 0.461336 0.079078 0.079078
6 0.365000 0.751992 0.077438 0.079391
16 0.565273 0.947797 0.033047 0.048594
9 0.537656 0.947984 0.038125 0.049219
13 0.125555 0.461336 0.078484 0.079078
5 0.713766 0.629727 0.050875 0.030453
17 0.125500 0.315422 0.077437 0.077906
17 0.421211 0.313992 0.076953 0.078859
1 0.183750 0.950117 0.046500 0.050859
2 0.807602 0.751531 0.078297 0.078062
13 0.788430 0.396039 0.079078 0.080266
20 0.439063 0.714609 0.024375 0.030781
