6 0.477141 0.314953 0.077438 0.077438
13 0.831188 0.461828 0.079031 0.078000
2 0.922188 0.751781 0.078750 0.078531
2 0.479687 0.751352 0.078562 0.079109
16 0.441961 0.947594 0.036172 0.048344
16 0.017039 0.947375 0.034078 0.048594
16 0.674242 0.368977 0.047516 0.035641
2 0.477125 0.535625 0.077219 0.078562
0 0.831969 0.948453 0.038469 0.050188
7 0.270234 0.073250 0.032406 0.060906
17 0.830734 0.314469 0.078625 0.077250
2 0.037867 0.751437 0.075734 0.078750
20 0.891969 0.275523 0.021375 0.031109
20 0.535891 0.352148 0.022031 0.030141
2 0.037766 0.530469 0.075531 0.077187
9 0.674086 0.404219 0.048609 0.035375
9 0.416047 0.947563 0.036719 0.048594
