2 0.868680 0.659641 0.078859 0.075969
2 0.642320 0.176555 0.076953 0.077422
2 0.231422 0.430648 0.077437 0.078859
2 0.526656 0.430656 0.077906 0.077906
2 0.868203 0.438250 0.078844 0.077906
2 0.527367 0.651828 0.077422 0.078375
2 0.232133 0.652047 0.076953 0.077000
2 0.407422 0.907586 0.077906 0.078859
2 0.657531 0.915656 0.078375 0.077906
2 0.805258 0.915898 0.076484 0.077422
6 0.200945 0.177305 0.078016 0.079203
6 0.111117 0.907805 0.078016 0.079203
20 0.974758 0.925609 0.021766 0.033437
20 0.173633 0.937859 0.021391 0.030719
20 0.244797 0.886336 0.031531 0.030328
20 0.116016 0.177125 0.029156 0.031438
20 0.259234 0.208070 0.022031 0.031109
20 0.495422 0.195430 0.037594 0.030453
5 0.680859 0.350070 0.025188 0.050391
15 0.027633 0.808242 0.024734 0.049266
9 0.907391 0.350273 0.025906 0.051516
