20 0.464094 0.239719 0.021063 0.030781
20 0.543063 0.917375 0.025156 0.031406
20 0.853359 0.685859 0.022875 0.031875
20 0.461180 0.383258 0.021703 0.030141
2 0.224062 0.198953 0.077406 0.076500
2 0.223836 0.346891 0.076047 0.078531
2 0.788891 0.198172 0.078187 0.077063
2 0.789781 0.444359 0.077187 0.076719
2 0.477977 0.587391 0.078453 0.078281
2 0.056461 0.598828 0.078078 0.076281
2 0.789250 0.925078 0.078000 0.078563
9 0.302344 0.617000 0.039375 0.047813
6 0.477828 0.956273 0.079063 0.079703
6 0.789781 0.666523 0.077500 0.077766
6 0.519109 0.346844 0.077219 0.079375
6 0.519375 0.199016 0.077219 0.078031
15 0.371719 0.433500 0.041688 0.045594
15 0.964391 0.511187 0.047656 0.039625
15 0.964383 0.626070 0.046734 0.040328
15 0.702391 0.720797 0.045188 0.040250
5 0.331320 0.433117 0.037578 0.048266
5 0.683508 0.681141 0.047953 0.037594
5 0.888469 0.764539 0.047469 0.039141
5 0.882297 0.354031 0.039656 0.049375
