13 0.061391 0.614070 0.076781 0.079047
13 0.249078 0.346336 0.077875 0.076672
13 0.248828 0.493711 0.079063 0.078734
13 0.061422 0.391594 0.075812 0.078531
2 0.683922 0.645367 0.079375 0.078734
15 0.940414 0.269750 0.038766 0.047156
6 0.905984 0.423219 0.079312 0.079313
1 0.261086 0.270859 0.046109 0.049562
1 0.897563 0.270883 0.046219 0.050547
2 0.230617 0.077461 0.076953 0.076734
13 0.551477 0.386359 0.078734 0.077438
20 0.844625 0.462781 0.021938 0.029063
20 0.742938 0.040852 0.022500 0.031047
13 0.397062 0.862258 0.077437 0.077766
13 0.248016 0.862422 0.077438 0.077438
13 0.060750 0.835203 0.076781 0.077437
13 0.396570 0.714680 0.077766 0.078078
13 0.248344 0.713859 0.078094 0.075812
6 0.673797 0.075687 0.079312 0.079312
5 0.687633 0.486812 0.038266 0.047906
2 0.906508 0.645367 0.078734 0.078734
2 0.906344 0.865844 0.079063 0.077750
2 0.684406 0.866336 0.077750 0.076141
