2 0.082969 0.741422 0.078594 0.076875
7 0.699719 0.805852 0.031500 0.059859
20 0.936594 0.018531 0.022875 0.033375
2 0.523969 0.736500 0.076500 0.077062
20 0.513148 0.354969 0.024297 0.029687
6 0.523930 0.294016 0.077109 0.079062
9 0.317367 0.213602 0.040828 0.045891
1 0.314953 0.105953 0.045125 0.049250
2 0.166352 0.091922 0.077172 0.077844
15 0.640141 0.031938 0.049812 0.027062
2 0.171227 0.341883 0.076141 0.078078
15 0.641195 0.286969 0.050359 0.028031
6 0.871828 0.061086 0.078969 0.079203
6 0.872000 0.440711 0.078281 0.078766
20 0.937625 0.393750 0.022344 0.030156
11 0.698391 0.656680 0.031719 0.060641
