16 0.932937 0.273094 0.028313 0.050250
17 0.618586 0.401359 0.078859 0.075531
17 0.618820 0.476406 0.079328 0.077438
2 0.193094 0.832078 0.076875 0.077031
6 0.803312 0.388922 0.079062 0.080031
6 0.802992 0.609883 0.079047 0.078078
6 0.803156 0.831820 0.079375 0.078734
2 0.045750 0.831766 0.078438 0.076406
2 0.045500 0.610484 0.078187 0.077250
2 0.193062 0.610484 0.077062 0.077250
2 0.193344 0.388977 0.077500 0.079391
2 0.045141 0.389141 0.078281 0.079063
20 0.742641 0.576461 0.021156 0.028797
13 0.397875 0.328391 0.076375 0.077875
13 0.396633 0.475656 0.076891 0.079875
13 0.397375 0.623930 0.076375 0.077891
9 0.958375 0.272734 0.027000 0.049094
13 0.397625 0.918719 0.076875 0.077375
20 0.741797 0.796750 0.022406 0.030781
20 0.563602 0.873695 0.023484 0.031328
20 0.563187 0.728437 0.023219 0.029156
20 0.563734 0.570625 0.021594 0.029969
20 0.557656 0.459648 0.024031 0.031578
20 0.563328 0.384586 0.022938 0.030516
9 0.346641 0.723297 0.050625 0.025875
16 0.345570 0.691523 0.045453 0.039828
13 0.397625 0.770953 0.076875 0.079375
1 0.174266 0.272141 0.048813 0.048500
17 0.618156 0.919375 0.078844 0.077906
17 0.618633 0.771883 0.077891 0.079328
17 0.618633 0.624141 0.077891 0.077438
2 0.950750 0.832109 0.076719 0.077500
20 0.741969 0.354500 0.022500 0.032250
2 0.950937 0.610125 0.076875 0.077031
2 0.950625 0.388969 0.076875 0.078375
2 0.888625 0.081680 0.079187 0.076953
2 0.446000 0.082016 0.076875 0.076875
