20 0.052586 0.653297 0.033891 0.031344
20 0.109062 0.622281 0.023375 0.031656
2 0.271078 0.815250 0.076875 0.078750
20 0.156070 0.157617 0.040734 0.032172
2 0.552406 0.829547 0.077031 0.077969
2 0.552094 0.607516 0.076500 0.078750
0 0.064586 0.268898 0.044891 0.050609
2 0.552219 0.386570 0.077625 0.076953
2 0.049008 0.371656 0.077484 0.078031
2 0.271086 0.371656 0.075609 0.078031
5 0.601703 0.268977 0.025594 0.049891
2 0.049047 0.815484 0.076875 0.077969
6 0.270969 0.593664 0.076750 0.078797
6 0.048984 0.593656 0.077656 0.078344
20 0.330828 0.622437 0.023063 0.031344
20 0.299969 0.655125 0.038344 0.031187
16 0.101352 0.283398 0.024734 0.048516
