2 0.781883 0.402180 0.078297 0.078078
15 0.318164 0.963852 0.029703 0.049953
15 0.393727 0.592172 0.026047 0.048219
5 0.340281 0.963773 0.029250 0.050172
5 0.721023 0.657758 0.026328 0.049828
6 0.726602 0.770273 0.078984 0.079203
6 0.473906 0.515508 0.077406 0.076578
6 0.111523 0.736773 0.076953 0.077391
6 0.051539 0.400641 0.078297 0.077625
6 0.473273 0.295125 0.079641 0.078844
20 0.845313 0.070609 0.041313 0.032937
1 0.783969 0.963750 0.038594 0.050469
20 0.867320 0.018500 0.024297 0.032406
20 0.128938 0.060922 0.039563 0.031688
20 0.160422 0.018734 0.022719 0.032813
20 0.500016 0.218469 0.039531 0.032500
20 0.531813 0.324336 0.023750 0.032953
20 0.445609 0.418922 0.036719 0.032500
20 0.196469 0.373031 0.040781 0.032031
20 0.111234 0.431312 0.025313 0.032344
20 0.354695 0.569898 0.035391 0.028766
20 0.531758 0.546359 0.024547 0.031562
20 0.875281 0.745969 0.033437 0.030000
20 0.786703 0.798547 0.022969 0.031094
20 0.473687 0.779836 0.035469 0.032203
20 0.170516 0.763891 0.023906 0.030156
20 0.127469 0.810688 0.040312 0.032187
