2 0.177391 0.086563 0.076594 0.076594
2 0.620219 0.086336 0.078094 0.075828
13 0.483469 0.613828 0.077187 0.079219
13 0.119508 0.613742 0.077172 0.078297
13 0.119516 0.835203 0.076875 0.078187
1 0.346336 0.269859 0.049234 0.048531
1 0.976719 0.729133 0.046562 0.045359
9 0.986352 0.337117 0.025922 0.049891
13 0.119672 0.392234 0.077188 0.078750
13 0.483578 0.392047 0.076719 0.078750
13 0.763375 0.388141 0.077500 0.077500
13 0.910875 0.388141 0.078437 0.077188
13 0.762609 0.645453 0.078906 0.079687
13 0.909953 0.645125 0.077344 0.078594
13 0.910063 0.866734 0.077344 0.077813
13 0.762406 0.866578 0.078594 0.076875
13 0.483781 0.834852 0.077500 0.076859
