20 0.075719 0.983969 0.024062 0.032062
9 0.424633 0.677555 0.050391 0.028922
13 0.309906 0.909625 0.078844 0.078031
13 0.058414 0.548398 0.078328 0.079109
13 0.354594 0.547859 0.078844 0.080187
13 0.354625 0.186922 0.078031 0.077500
1 0.424227 0.255883 0.049953 0.040766
17 0.088445 0.909133 0.076859 0.077859
16 0.424984 0.704797 0.050625 0.029031
17 0.207016 0.548898 0.078375 0.079797
13 0.206664 0.187469 0.076953 0.078031
9 0.851531 0.810047 0.040125 0.046656
13 0.059375 0.187062 0.078313 0.078844
16 0.855852 0.769742 0.048328 0.029422
2 0.633273 0.789266 0.078078 0.078969
2 0.633711 0.346242 0.077203 0.077172
20 0.270391 0.496016 0.023594 0.032031
20 0.149578 0.872344 0.022969 0.030781
