6 0.362820 0.459094 0.079453 0.078344
20 0.449984 0.971609 0.022875 0.030375
20 0.420719 0.493938 0.023438 0.030781
20 0.568141 0.494016 0.022031 0.030312
20 0.562898 0.397180 0.030703 0.031016
20 0.214031 0.382617 0.031313 0.028891
20 0.101109 0.472273 0.022031 0.032703
15 0.311328 0.769727 0.040969 0.045359
6 0.510039 0.459234 0.077516 0.078625
20 0.116328 0.898672 0.022313 0.031875
6 0.161258 0.444750 0.078797 0.081750
15 0.194641 0.768359 0.025844 0.048656
2 0.160953 0.223828 0.078312 0.077219
2 0.362102 0.238148 0.078297 0.077766
2 0.510062 0.237734 0.076688 0.076406
2 0.696227 0.230992 0.077484 0.078578
2 0.917758 0.231258 0.078297 0.079109
2 0.696063 0.451969 0.076875 0.076875
2 0.917594 0.451781 0.077062 0.077625
2 0.917687 0.673031 0.076875 0.078000
2 0.695969 0.673125 0.077062 0.078562
2 0.362266 0.681156 0.078062 0.078969
2 0.509977 0.680937 0.077391 0.079875
2 0.160633 0.665914 0.078859 0.077922
20 0.376852 0.397508 0.033078 0.030703
1 0.957906 0.783328 0.048687 0.047906
1 0.352320 0.783445 0.045922 0.049891
1 0.238102 0.784039 0.044734 0.047891
20 0.033242 0.382836 0.022359 0.031422
