5 0.893703 0.492750 0.025313 0.048187
5 0.315977 0.087359 0.025609 0.050937
5 0.537422 0.085852 0.040937 0.047922
5 0.860938 0.195359 0.025781 0.050625
5 0.513836 0.301359 0.025266 0.050156
5 0.595633 0.485492 0.025203 0.048828
15 0.544359 0.292117 0.025188 0.048797
15 0.864250 0.484039 0.024969 0.049484
2 0.779570 0.229609 0.079703 0.079062
2 0.885750 0.698312 0.078281 0.078031
2 0.442477 0.698312 0.076797 0.078406
2 0.354117 0.435930 0.077766 0.078422
2 0.243219 0.195430 0.078406 0.078734
20 0.410664 0.233719 0.023766 0.030313
20 0.843156 0.415078 0.022656 0.031094
6 0.779680 0.451328 0.079047 0.078125
6 0.465031 0.195164 0.077656 0.078578
