6 0.576305 0.912078 0.078578 0.078562
20 0.478812 0.234219 0.031500 0.032406
20 0.352484 0.271461 0.022281 0.032172
20 0.510703 0.430734 0.023406 0.029469
20 0.582930 0.480461 0.031047 0.029016
20 0.938539 0.477758 0.024516 0.030828
20 0.581125 0.702234 0.033937 0.031687
20 0.510156 0.653578 0.026250 0.031125
20 0.510680 0.875328 0.024078 0.028562
20 0.582437 0.924344 0.031562 0.029687
2 0.418094 0.088289 0.079375 0.077766
2 0.713609 0.087617 0.079656 0.078016
2 0.713961 0.309773 0.077266 0.078609
2 0.723703 0.470016 0.079281 0.079281
2 0.722695 0.690711 0.078609 0.078609
2 0.428086 0.691047 0.079266 0.077937
2 0.428086 0.913094 0.079266 0.078594
2 0.723031 0.912086 0.077937 0.079266
5 0.792969 0.355859 0.054688 0.030469
2 0.428102 0.469945 0.079266 0.077922
16 0.773438 0.646422 0.050219 0.026187
6 0.418758 0.308891 0.078297 0.078031
6 0.576172 0.468867 0.078313 0.076141
6 0.576570 0.690273 0.079109 0.078297
0 0.792289 0.614672 0.049766 0.039594
