13 0.736977 0.919391 0.078484 0.076688
13 0.737273 0.624352 0.079078 0.076078
13 0.737273 0.476375 0.077891 0.078469
13 0.736375 0.328102 0.078469 0.079078
17 0.958680 0.328695 0.077422 0.077422
9 0.307320 0.292438 0.049953 0.027281
16 0.296625 0.266906 0.050250 0.027937
6 0.133805 0.831750 0.078516 0.077406
6 0.133797 0.610437 0.078750 0.077406
6 0.134203 0.389203 0.078938 0.078750
2 0.331922 0.082125 0.077031 0.077031
2 0.774500 0.081812 0.078437 0.077656
2 0.553148 0.527898 0.078297 0.078297
2 0.281891 0.388859 0.077250 0.078937
2 0.281820 0.609664 0.076359 0.076922
2 0.282109 0.831828 0.076969 0.077469
17 0.958281 0.919469 0.077438 0.077438
20 0.075992 0.352789 0.025203 0.030609
20 0.073125 0.576016 0.022813 0.031719
20 0.074750 0.795070 0.024688 0.030641
20 0.895703 0.726680 0.020156 0.031922
20 0.894305 0.875320 0.021828 0.031359
20 0.894859 0.580273 0.019594 0.030234
20 0.894023 0.432742 0.022391 0.030797
20 0.895141 0.285219 0.017906 0.031344
17 0.958516 0.771266 0.077906 0.078375
17 0.958758 0.624234 0.077422 0.077906
17 0.958453 0.476734 0.077187 0.079031
13 0.738477 0.771109 0.079078 0.079656
