20 0.157734 0.063859 0.038344 0.031594
6 0.204445 0.807484 0.078516 0.078750
6 0.204453 0.660000 0.077625 0.077625
20 0.197297 0.018773 0.020250 0.032672
20 0.306344 0.593578 0.034063 0.030000
20 0.265094 0.687562 0.022812 0.030781
20 0.305563 0.741313 0.037188 0.029219
2 0.500531 0.808109 0.079375 0.079375
2 0.499719 0.660422 0.079375 0.077750
2 0.488297 0.254336 0.076469 0.078422
2 0.488297 0.476109 0.077750 0.079375
2 0.192969 0.476594 0.078094 0.078406
2 0.192648 0.254656 0.076797 0.078406
20 0.264625 0.836320 0.024844 0.032953
5 0.081734 0.202828 0.049500 0.037125
5 0.081820 0.282352 0.049266 0.028328
