16 0.179594 0.809531 0.034313 0.049125
6 0.204875 0.670008 0.078875 0.079172
6 0.796000 0.174609 0.077438 0.079250
2 0.276945 0.109602 0.076797 0.077766
2 0.556906 0.255422 0.076406 0.077219
2 0.277352 0.405492 0.077172 0.076953
2 0.056992 0.670492 0.077172 0.078297
2 0.352203 0.670203 0.077062 0.079687
2 0.557203 0.698219 0.077219 0.078844
1 0.380844 0.320305 0.049812 0.039578
6 0.898141 0.436086 0.078906 0.078891
7 0.906219 0.554383 0.059938 0.031328
11 0.777750 0.555156 0.059094 0.031500
9 0.207828 0.808797 0.033594 0.049687
15 0.862602 0.303797 0.025578 0.050969
15 0.875297 0.133797 0.048938 0.024750
20 0.848719 0.214438 0.023219 0.031594
20 0.966570 0.223891 0.023484 0.029969
20 0.962078 0.400406 0.023125 0.031563
20 0.239922 0.607719 0.023219 0.030781
