20 0.882406 0.344172 0.042188 0.031875
6 0.894320 0.084430 0.077391 0.078516
6 0.607398 0.402313 0.076953 0.077188
6 0.607125 0.549984 0.078750 0.079219
20 0.583984 0.114766 0.022969 0.031094
20 0.582203 0.480141 0.040937 0.031094
20 0.293938 0.560734 0.024688 0.030156
20 0.280656 0.473594 0.041719 0.030938
20 0.293781 0.413281 0.024219 0.030937
20 0.280500 0.328437 0.039219 0.030625
20 0.589781 0.413031 0.024531 0.031875
20 0.585313 0.334484 0.040000 0.029844
20 0.123430 0.013688 0.023453 0.027375
6 0.311773 0.402477 0.078078 0.078734
20 0.631641 0.029875 0.040469 0.031875
20 0.934875 0.013969 0.038281 0.027500
20 0.332609 0.128438 0.022812 0.031250
16 0.681109 0.329586 0.050844 0.024078
16 0.680211 0.407211 0.050391 0.024078
6 0.311984 0.550219 0.077344 0.078594
2 0.894383 0.527000 0.076953 0.077406
2 0.459523 0.401727 0.078734 0.076141
2 0.459687 0.549305 0.079719 0.079047
2 0.164203 0.549953 0.078406 0.078406
2 0.164523 0.402375 0.078422 0.077438
20 0.954266 0.114547 0.022969 0.031562
20 0.185891 0.128203 0.023125 0.031719
20 0.223000 0.184766 0.038594 0.030781
20 0.377531 0.180234 0.037031 0.032656
20 0.589031 0.561570 0.024031 0.031047
9 0.679484 0.429703 0.050156 0.025156
6 0.202164 0.113484 0.077766 0.079375
6 0.349750 0.113648 0.079375 0.079703
6 0.599883 0.110898 0.078734 0.078078
