20 0.602563 0.698844 0.024563 0.030187
18 0.593445 0.669461 0.065734 0.015391
20 0.336313 0.691812 0.023438 0.030750
20 0.308109 0.253422 0.026406 0.031562
20 0.090516 0.253109 0.022500 0.030469
20 0.291219 0.702219 0.023625 0.030938
17 0.242508 0.290531 0.077172 0.079625
17 0.462906 0.291508 0.078812 0.081266
20 0.524281 0.248344 0.024375 0.029531
13 0.242375 0.512078 0.077281 0.078469
13 0.464039 0.510883 0.078484 0.078484
20 0.641938 0.693969 0.024187 0.030938
18 0.289133 0.669875 0.066984 0.014562
