6 0.344703 0.357578 0.077812 0.079531
20 0.602773 0.128734 0.039859 0.033375
20 0.845289 0.203406 0.025266 0.031750
20 0.864352 0.419523 0.023516 0.032922
20 0.800703 0.614180 0.025281 0.032078
20 0.798406 0.725734 0.024625 0.031437
20 0.839781 0.965203 0.036281 0.031750
20 0.250953 0.855078 0.036938 0.031500
20 0.306234 0.423375 0.022688 0.031500
20 0.085047 0.423328 0.024219 0.030938
20 0.166078 0.290766 0.034500 0.031125
20 0.375516 0.290953 0.038250 0.030000
2 0.590492 0.404570 0.078734 0.079703
2 0.344375 0.726992 0.075250 0.079266
2 0.122328 0.727328 0.077250 0.079937
2 0.589258 0.847250 0.079953 0.079281
16 0.750664 0.010883 0.048266 0.021766
16 0.086773 0.956031 0.025922 0.050500
6 0.123430 0.357719 0.078297 0.078969
6 0.851219 0.136594 0.075594 0.078375
6 0.925961 0.422969 0.078391 0.077813
6 0.737680 0.692000 0.078297 0.076500
9 0.036906 0.942344 0.025469 0.050781
9 0.060734 0.942266 0.026562 0.050938
