2 0.139250 0.402391 0.078188 0.078844
2 0.501547 0.403102 0.078156 0.079328
9 0.779773 0.312086 0.025203 0.050172
16 0.810438 0.294289 0.035781 0.047484
6 0.559297 0.087125 0.078625 0.078625
2 0.649289 0.402906 0.077359 0.078938
13 0.863984 0.407609 0.078156 0.079312
13 0.863594 0.555750 0.077375 0.079312
13 0.863789 0.702711 0.078547 0.078547
13 0.863789 0.850648 0.077766 0.077359
20 0.614969 0.128812 0.023438 0.032031
1 0.056078 0.292117 0.039844 0.050547
1 0.494781 0.290820 0.040500 0.050547
2 0.501156 0.623945 0.078156 0.077766
2 0.649672 0.624141 0.076594 0.076594
2 0.648711 0.846141 0.076984 0.076594
2 0.501156 0.845164 0.078937 0.076984
2 0.285719 0.846352 0.078969 0.076953
2 0.139242 0.845898 0.078984 0.076953
2 0.285531 0.624508 0.078406 0.076141
2 0.138758 0.624078 0.078516 0.077531
2 0.285719 0.402727 0.078187 0.079516
2 0.115562 0.087297 0.078844 0.078187
