17 0.831172 0.335156 0.078594 0.077813
6 0.477305 0.335141 0.077891 0.078125
9 0.415859 0.967281 0.037312 0.048000
9 0.674195 0.424602 0.049047 0.036453
13 0.830945 0.482594 0.078516 0.078844
7 0.270508 0.093781 0.031734 0.060188
2 0.477906 0.039750 0.075812 0.078031
2 0.920266 0.039609 0.078844 0.077219
2 0.922078 0.771828 0.078562 0.078188
2 0.477375 0.556000 0.076312 0.078000
0 0.831844 0.968625 0.039156 0.049688
2 0.479805 0.771992 0.078078 0.079391
2 0.037812 0.771906 0.075625 0.078062
2 0.037398 0.550906 0.074797 0.076687
16 0.017242 0.967547 0.034484 0.049125
16 0.442266 0.968187 0.034500 0.048562
16 0.674023 0.389211 0.048328 0.034297
20 0.535266 0.374156 0.023438 0.032031
20 0.892406 0.296516 0.023438 0.032031
