20 0.979359 0.182641 0.023438 0.032031
2 0.151016 0.772031 0.077438 0.078188
2 0.150656 0.550930 0.076594 0.076984
13 0.070469 0.270781 0.078750 0.076875
13 0.218164 0.270797 0.077047 0.077187
13 0.070078 0.049969 0.078750 0.078000
13 0.218109 0.049781 0.076312 0.077625
16 0.692000 0.967977 0.035969 0.047953
16 0.212703 0.968070 0.037125 0.047922
20 0.665703 0.521156 0.023438 0.032031
2 0.593664 0.771570 0.078078 0.077766
6 0.593695 0.550797 0.079172 0.077250
9 0.665203 0.968266 0.036719 0.048438
9 0.187656 0.967914 0.037906 0.048609
1 0.242203 0.336344 0.046344 0.048375
