2 0.039109 0.682516 0.078219 0.078438
1 0.684633 0.786305 0.049391 0.043922
20 0.303375 0.209563 0.023438 0.032031
2 0.669562 0.460734 0.076875 0.078187
2 0.816750 0.239734 0.078125 0.076875
2 0.669516 0.239672 0.077250 0.077250
2 0.389766 0.239297 0.077250 0.076875
9 0.237469 0.785297 0.027812 0.049938
2 0.039180 0.461031 0.078359 0.078562
2 0.389859 0.460797 0.076719 0.078750
2 0.039219 0.239594 0.078438 0.077438
2 0.390008 0.682656 0.076953 0.078750
16 0.212156 0.785727 0.027219 0.049578
20 0.396547 0.931094 0.023438 0.032031
20 0.299234 0.642281 0.023438 0.032031
20 0.302344 0.425922 0.023438 0.032031
6 0.242266 0.461187 0.078469 0.079031
2 0.779531 0.961602 0.078594 0.076797
2 0.817117 0.682461 0.077391 0.078078
2 0.669406 0.683133 0.077187 0.078516
2 0.817219 0.460828 0.079687 0.079125
6 0.336961 0.961195 0.076391 0.077609
6 0.242328 0.682688 0.077531 0.078094
6 0.242469 0.239859 0.078500 0.077531
