15 0.733969 0.581156 0.049156 0.024406
1 0.711727 0.613656 0.049141 0.044813
2 0.815438 0.268789 0.077750 0.079047
2 0.815438 0.465781 0.078406 0.078406
2 0.815273 0.660664 0.078078 0.077422
2 0.815273 0.807922 0.078734 0.079063
2 0.485281 0.874023 0.075812 0.077766
2 0.075492 0.770367 0.077766 0.078734
20 0.235875 0.543937 0.024031 0.030781
20 0.545656 0.458984 0.022500 0.033375
6 0.175586 0.513359 0.076141 0.076687
20 0.236141 0.321461 0.022406 0.030234
20 0.214008 0.219539 0.036453 0.031578
20 0.011641 0.443102 0.022688 0.031047
20 0.237227 0.440539 0.033203 0.031859
5 0.116023 0.951641 0.036984 0.049688
20 0.519594 0.354922 0.030750 0.033375
20 0.013797 0.544078 0.022687 0.032125
20 0.014070 0.325516 0.022141 0.031312
6 0.175742 0.291961 0.076953 0.079922
6 0.485125 0.431469 0.076500 0.078562
