2 0.352320 0.688883 0.076953 0.079109
11 0.778047 0.573820 0.059625 0.032078
7 0.906398 0.573117 0.058328 0.031891
1 0.380945 0.338820 0.049953 0.038609
9 0.208125 0.827344 0.034313 0.049312
16 0.179312 0.827484 0.034188 0.049031
20 0.848344 0.232922 0.023438 0.032031
20 0.967391 0.242234 0.023438 0.032031
20 0.962219 0.421328 0.023438 0.032031
20 0.239656 0.627328 0.023438 0.032031
15 0.875703 0.152422 0.049219 0.025781
15 0.862500 0.322445 0.024625 0.050953
2 0.277180 0.128328 0.076953 0.077219
2 0.557078 0.274516 0.077438 0.077438
2 0.277305 0.424047 0.077109 0.077125
2 0.056945 0.688875 0.076953 0.078031
6 0.795547 0.193648 0.077188 0.079172
6 0.898641 0.454750 0.078844 0.078844
6 0.204500 0.689094 0.078500 0.078844
2 0.557242 0.716906 0.077234 0.078562
