9 0.617141 0.437836 0.025125 0.050484
20 0.178938 0.336969 0.022344 0.031562
5 0.031875 0.201430 0.051188 0.024953
16 0.642086 0.457766 0.025109 0.050219
15 0.840727 0.165352 0.049078 0.025328
5 0.354742 0.225078 0.026234 0.050875
6 0.624242 0.081086 0.076672 0.078297
6 0.921031 0.235969 0.077656 0.079375
6 0.246906 0.310133 0.078969 0.077859
6 0.490461 0.525719 0.078828 0.076687
6 0.711727 0.525594 0.077484 0.078031
6 0.915531 0.711539 0.078188 0.076672
2 0.245969 0.598500 0.077438 0.078188
2 0.490266 0.673156 0.079687 0.078375
2 0.711500 0.673359 0.077438 0.078750
2 0.915273 0.489531 0.079078 0.077344
2 0.615664 0.309445 0.078078 0.076797
2 0.242125 0.106500 0.078750 0.077062
20 0.853016 0.742109 0.022875 0.030563
20 0.427469 0.556344 0.023750 0.031406
20 0.649406 0.556234 0.022969 0.031250
20 0.549336 0.450547 0.041609 0.031313
20 0.947891 0.296813 0.023438 0.030750
20 0.620391 0.140937 0.026438 0.031500
20 0.553242 0.092867 0.035766 0.030141
9 0.365500 0.438375 0.025656 0.052656
