2 0.446305 0.100469 0.076453 0.077125
2 0.889047 0.100469 0.077437 0.076469
2 0.950711 0.408000 0.076453 0.079219
2 0.950641 0.629141 0.077187 0.076563
2 0.950656 0.850875 0.077031 0.076875
2 0.045164 0.850430 0.078734 0.076141
2 0.193211 0.850594 0.076109 0.077125
2 0.045312 0.628812 0.078438 0.076781
2 0.192875 0.628328 0.076781 0.076469
2 0.045000 0.408008 0.078406 0.079047
2 0.192727 0.407367 0.077078 0.077109
17 0.618648 0.420750 0.079391 0.077438
17 0.618492 0.495109 0.079703 0.079063
17 0.618328 0.643336 0.078094 0.078078
17 0.618484 0.790109 0.079063 0.079375
17 0.618977 0.938172 0.078734 0.077438
6 0.803234 0.850773 0.077844 0.078172
6 0.803570 0.628430 0.078516 0.075547
6 0.802812 0.408070 0.078344 0.079172
13 0.396695 0.938141 0.076016 0.078375
13 0.397727 0.790266 0.077516 0.078844
13 0.397750 0.642672 0.077000 0.076688
13 0.397586 0.494789 0.077797 0.078266
13 0.397875 0.347727 0.076969 0.077203
20 0.565281 0.404172 0.023438 0.032031
20 0.558031 0.477672 0.023438 0.032031
20 0.564250 0.588438 0.023438 0.032031
20 0.564250 0.746828 0.023438 0.032031
20 0.564250 0.891750 0.023438 0.032031
20 0.742297 0.816188 0.023438 0.032031
20 0.741266 0.596734 0.023438 0.032031
20 0.742297 0.374156 0.023438 0.032031
9 0.958422 0.291656 0.027000 0.048344
9 0.346820 0.741742 0.049141 0.026734
16 0.933664 0.292109 0.027547 0.049250
16 0.345305 0.710016 0.046172 0.038344
1 0.174328 0.291281 0.048594 0.049375
