2 0.851047 0.725141 0.075812 0.076469
5 0.736922 0.510031 0.050188 0.026719
5 0.909422 0.464062 0.026062 0.050437
15 0.757234 0.483555 0.049594 0.024516
20 0.256594 0.458016 0.024000 0.031312
20 0.518563 0.637695 0.022969 0.030953
20 0.870664 0.564562 0.021828 0.031500
15 0.936281 0.479070 0.025563 0.048734
20 0.874359 0.106813 0.022312 0.030938
20 0.191594 0.297703 0.032406 0.031281
6 0.316367 0.465633 0.076734 0.078078
6 0.590672 0.619297 0.078188 0.077625
6 0.850797 0.503258 0.076406 0.077484
6 0.814109 0.068391 0.078031 0.078844
2 0.316188 0.244438 0.077656 0.077500
2 0.590687 0.176414 0.077813 0.079234
2 0.814188 0.289375 0.078906 0.077031
2 0.316250 0.687117 0.076406 0.077953
2 0.193078 0.895516 0.077219 0.077219
2 0.636148 0.895648 0.078828 0.076953
