0 0.177148 0.372383 0.039141 0.051578
16 0.567727 0.817828 0.033203 0.048062
5 0.557570 0.356680 0.036547 0.047828
2 0.718500 0.484672 0.078531 0.078156
2 0.718883 0.633391 0.078547 0.079312
2 0.157547 0.918758 0.078844 0.078828
2 0.215258 0.691508 0.078734 0.076797
2 0.457211 0.448703 0.077172 0.078969
2 0.215328 0.470211 0.078375 0.078859
2 0.212383 0.201492 0.078734 0.079047
6 0.456695 0.670477 0.076141 0.079703
6 0.656141 0.201281 0.078531 0.078750
9 0.820727 0.369602 0.037797 0.048609
9 0.539570 0.817477 0.032672 0.048328
20 0.716875 0.241203 0.023438 0.032031
20 0.760359 0.892344 0.023438 0.032031
20 0.517078 0.704969 0.023438 0.032031
13 0.473687 0.851531 0.078563 0.078562
17 0.695047 0.851734 0.078375 0.078375
15 0.538133 0.395555 0.048984 0.026047
