20 0.512859 0.318922 0.036406 0.032031
0 0.608000 0.319672 0.050469 0.038906
16 0.376813 0.313305 0.049250 0.029484
16 0.628070 0.288516 0.048922 0.026562
16 0.735781 0.694117 0.039656 0.044328
16 0.804828 0.752437 0.049000 0.026594
9 0.607508 0.249734 0.049953 0.025656
9 0.061945 0.534625 0.024609 0.050219
20 0.097812 0.173125 0.021750 0.030937
20 0.096687 0.214758 0.022500 0.030578
20 0.291031 0.164414 0.022313 0.031516
20 0.306125 0.129539 0.021000 0.031516
20 0.517188 0.422656 0.022813 0.030625
20 0.642641 0.545438 0.032656 0.032031
20 0.958281 0.643687 0.033906 0.032031
20 0.931438 0.394109 0.023438 0.032063
20 0.975313 0.283766 0.039188 0.032250
20 0.932016 0.174016 0.022812 0.031250
9 0.305539 0.534359 0.025797 0.050344
20 0.509984 0.699000 0.024688 0.031719
6 0.040266 0.137578 0.079875 0.078969
6 0.247047 0.093594 0.078969 0.078750
6 0.873187 0.137297 0.078750 0.079125
6 0.873375 0.359031 0.078750 0.078563
6 0.458437 0.385672 0.077438 0.078937
6 0.556250 0.632984 0.076594 0.077937
2 0.458281 0.141492 0.077187 0.077203
2 0.724984 0.137531 0.078625 0.078625
2 0.724906 0.359766 0.078344 0.077656
2 0.236523 0.368602 0.075984 0.078078
2 0.214930 0.633406 0.076734 0.076750
2 0.145586 0.914641 0.076203 0.078187
2 0.441656 0.914969 0.077188 0.077531
2 0.677820 0.919164 0.076516 0.077203
