6 0.666039 0.409984 0.078078 0.077438
6 0.078750 0.895859 0.076500 0.077625
2 0.444719 0.630922 0.077750 0.078406
2 0.259234 0.609047 0.080031 0.080031
2 0.521445 0.895992 0.078516 0.077328
20 0.138781 0.921813 0.025000 0.031250
20 0.019375 0.614766 0.024563 0.030000
9 0.662703 0.763867 0.026437 0.049766
20 0.439031 0.473500 0.022969 0.030781
20 0.601016 0.329797 0.034125 0.031688
20 0.317461 0.107109 0.023172 0.030156
20 0.095609 0.106547 0.024531 0.031719
20 0.019469 0.564328 0.021750 0.031500
20 0.659969 0.473969 0.023281 0.031406
2 0.909656 0.598359 0.078406 0.078719
16 0.635258 0.742422 0.023234 0.048594
2 0.665359 0.631242 0.079063 0.079703
9 0.916789 0.764062 0.026047 0.050156
5 0.108602 0.585398 0.049234 0.025609
2 0.832437 0.190641 0.078937 0.079125
2 0.665344 0.188844 0.078281 0.078594
2 0.444516 0.188734 0.077187 0.078906
2 0.256875 0.290141 0.077438 0.077062
6 0.256961 0.068617 0.077172 0.078516
6 0.444422 0.410141 0.077438 0.078406
