2 0.298359 0.749742 0.078750 0.077641
2 0.706562 0.158898 0.077750 0.078922
2 0.446070 0.749625 0.076266 0.078281
15 0.496953 0.060070 0.026219 0.049578
1 0.465328 0.040609 0.040687 0.050594
2 0.706289 0.749758 0.078297 0.079422
6 0.853086 0.454875 0.078922 0.078937
6 0.705531 0.454688 0.079312 0.079312
6 0.446016 0.454680 0.076594 0.078547
6 0.297492 0.454102 0.079703 0.078922
2 0.298320 0.159672 0.078547 0.078156
2 0.446266 0.159289 0.076594 0.078141
2 0.853141 0.159484 0.078531 0.079313
20 0.889828 0.521375 0.023281 0.031719
20 0.741938 0.521687 0.024063 0.030469
20 0.813656 0.382625 0.031563 0.031719
20 0.416641 0.382828 0.030469 0.030781
16 0.906062 0.059672 0.025125 0.049125
20 0.482344 0.522125 0.023813 0.031500
2 0.852539 0.749859 0.079203 0.079625
20 0.335250 0.521937 0.024000 0.031500
0 0.874094 0.040938 0.037312 0.048594
