2 0.556172 0.865703 0.079063 0.078563
15 0.774078 0.536062 0.050156 0.025406
0 0.793078 0.942977 0.048063 0.048328
16 0.773547 0.989336 0.048937 0.020734
2 0.287687 0.212820 0.078625 0.079172
2 0.732133 0.037336 0.076547 0.074672
2 0.938922 0.170820 0.078281 0.076172
2 0.730383 0.212375 0.076547 0.078469
2 0.583000 0.212664 0.078844 0.079422
5 0.792336 0.892164 0.050547 0.026234
2 0.139461 0.434633 0.076672 0.079078
2 0.287305 0.434125 0.078266 0.078906
2 0.582680 0.434258 0.078422 0.078734
2 0.730297 0.434422 0.076687 0.078750
2 0.139930 0.212563 0.076703 0.078344
9 0.793148 0.972359 0.048922 0.034344
2 0.141391 0.037758 0.076969 0.075516
2 0.436344 0.037414 0.076281 0.074828
6 0.408297 0.865273 0.077625 0.079203
6 0.939086 0.392281 0.078547 0.078937
6 0.434813 0.433883 0.077750 0.079703
6 0.435203 0.212461 0.077750 0.078547
20 0.371875 0.189484 0.021594 0.030781
20 0.609609 0.101328 0.033219 0.032125
2 0.408594 0.643781 0.077125 0.078656
2 0.556641 0.643789 0.078469 0.078266
2 0.703727 0.643500 0.076359 0.078844
20 0.345172 0.840781 0.022875 0.030750
2 0.703805 0.865148 0.076203 0.077453
1 0.791953 0.503727 0.050562 0.038516
20 0.900937 0.015367 0.021344 0.030734
20 0.371203 0.409547 0.023438 0.031094
20 0.900813 0.459828 0.023750 0.031719
20 0.609547 0.763813 0.032250 0.031313
