6 0.412859 0.559148 0.076469 0.079391
2 0.227281 0.883469 0.077625 0.076719
2 0.448234 0.883477 0.078531 0.077172
2 0.663102 0.887070 0.078078 0.078516
2 0.811266 0.887523 0.078750 0.078516
2 0.856445 0.559516 0.078297 0.078313
9 0.812555 0.746586 0.025922 0.050547
12 0.591133 0.415359 0.064797 0.013500
20 0.585094 0.555469 0.023438 0.032031
20 0.473297 0.591500 0.023438 0.032031
20 0.072047 0.916969 0.023438 0.032031
20 0.947828 0.069766 0.023438 0.032031
12 0.286703 0.415227 0.064531 0.013766
