17 0.838602 0.231203 0.077891 0.078344
17 0.892109 0.445281 0.078844 0.078094
20 0.375195 0.136336 0.034422 0.030828
6 0.325680 0.207313 0.076953 0.078562
20 0.386109 0.237695 0.021156 0.031047
9 0.755914 0.423281 0.025422 0.050406
6 0.400000 0.872594 0.079438 0.076719
2 0.768500 0.872328 0.078344 0.076156
2 0.400320 0.503109 0.078516 0.078844
13 0.891984 0.667039 0.078750 0.078078
13 0.671414 0.666875 0.077484 0.078844
20 0.873922 0.113688 0.035625 0.032813
20 0.899469 0.261203 0.022969 0.032500
20 0.731406 0.474969 0.022969 0.031250
20 0.952492 0.474734 0.022047 0.032031
20 0.462133 0.797797 0.034703 0.033188
16 0.734203 0.401391 0.024875 0.050531
8 0.724586 0.301430 0.012422 0.031484
8 0.724695 0.153828 0.012422 0.030344
20 0.460156 0.903922 0.024000 0.034313
8 0.959898 0.291891 0.012141 0.032062
8 0.960039 0.154086 0.012422 0.030328
17 0.670961 0.444984 0.076984 0.078344
20 0.010969 0.287125 0.021937 0.032437
