6 0.710742 0.722625 0.078297 0.077844
6 0.933156 0.722625 0.076719 0.077844
20 0.970477 0.058125 0.022266 0.031281
20 0.748062 0.057453 0.021594 0.031719
20 0.958422 0.597117 0.031500 0.031266
14 0.460586 0.879672 0.086078 0.025094
16 0.162727 0.546875 0.050391 0.025875
16 0.883563 0.256461 0.025188 0.050172
16 0.626883 0.063273 0.048891 0.025609
16 0.132898 0.066547 0.048609 0.032719
14 0.244539 0.880273 0.086078 0.022859
2 0.933664 0.500609 0.076141 0.078031
2 0.711047 0.500469 0.078562 0.077219
2 0.785867 0.213031 0.078578 0.077750
10 0.135008 0.938820 0.051766 0.025203
2 0.710656 0.943734 0.077062 0.078187
2 0.933594 0.943734 0.077062 0.078562
20 0.260203 0.348617 0.032719 0.030141
20 0.306211 0.280094 0.022359 0.031750
20 0.176773 0.467852 0.022672 0.031422
2 0.460922 0.431797 0.078844 0.076656
2 0.461383 0.652969 0.078297 0.078031
20 0.672219 0.789156 0.023844 0.030594
2 0.239031 0.652977 0.078031 0.079109
20 0.896094 0.788813 0.021156 0.031719
9 0.143688 0.571203 0.050250 0.026063
9 0.931242 0.275078 0.024359 0.049687
9 0.907961 0.275000 0.025609 0.049531
9 0.607367 0.088641 0.050953 0.026313
6 0.342664 0.213117 0.076953 0.077484
6 0.239187 0.432062 0.078750 0.076875
