16 0.580875 0.065813 0.050250 0.034313
9 0.581000 0.318250 0.049219 0.032344
6 0.070187 0.181766 0.078906 0.077500
6 0.513312 0.181844 0.077031 0.077969
20 0.133016 0.144922 0.023438 0.032031
20 0.354563 0.144922 0.023438 0.032031
20 0.576094 0.142859 0.023438 0.032031
20 0.575047 0.561078 0.023438 0.032031
20 0.353516 0.561078 0.023438 0.032031
20 0.133016 0.561078 0.023438 0.032031
2 0.291484 0.375180 0.076594 0.076984
2 0.513484 0.375766 0.077375 0.077375
2 0.069859 0.375961 0.078156 0.076984
9 0.580688 0.035883 0.050219 0.032672
6 0.070281 0.597328 0.078563 0.077625
2 0.844938 0.199063 0.079312 0.078531
6 0.291531 0.597516 0.077063 0.077625
6 0.513250 0.597609 0.076875 0.077438
6 0.291281 0.182000 0.077344 0.077656
16 0.580766 0.347469 0.048375 0.033000
