6 0.791359 0.911328 0.077656 0.076094
2 0.239469 0.391648 0.079375 0.079047
2 0.873586 0.320094 0.078547 0.078156
6 0.519375 0.885078 0.077188 0.077031
2 0.883695 0.070680 0.076984 0.076984
20 0.850766 0.942812 0.023438 0.032031
20 0.676734 0.556828 0.023438 0.032031
20 0.494234 0.208547 0.023438 0.032031
20 0.586172 0.155609 0.023438 0.032031
20 0.587969 0.591094 0.023438 0.032031
20 0.581703 0.809422 0.023438 0.032031
20 0.759563 0.843062 0.023438 0.032031
6 0.527547 0.559672 0.075781 0.077812
2 0.238461 0.687945 0.079047 0.078734
9 0.705703 0.231953 0.050156 0.025656
16 0.870437 0.894984 0.049500 0.024938
20 0.579422 0.915453 0.023438 0.032031
6 0.435156 0.177187 0.077437 0.077625
