2 0.067148 0.224250 0.078516 0.076812
2 0.268969 0.238578 0.079062 0.077187
2 0.416547 0.238109 0.078281 0.077500
2 0.602219 0.231000 0.077500 0.078438
2 0.823945 0.231234 0.077484 0.079219
2 0.824070 0.451984 0.076891 0.077031
2 0.602406 0.452109 0.077062 0.077062
15 0.101172 0.768672 0.027031 0.050469
6 0.416328 0.459242 0.076500 0.078297
6 0.269070 0.459125 0.078984 0.078969
6 0.067312 0.444750 0.078844 0.078313
1 0.958617 0.784867 0.045484 0.050547
1 0.863563 0.784281 0.045875 0.049375
1 0.257727 0.784023 0.046797 0.049953
1 0.144219 0.783680 0.046125 0.048828
15 0.218047 0.770453 0.039531 0.047344
20 0.066766 0.554859 0.023438 0.032031
20 0.328672 0.493797 0.023438 0.032031
20 0.355594 0.555906 0.023438 0.032031
20 0.474641 0.495859 0.023438 0.032031
2 0.067078 0.666891 0.078562 0.078375
2 0.268641 0.681234 0.078187 0.078937
2 0.416672 0.680953 0.077250 0.078000
2 0.824320 0.673438 0.077453 0.077812
2 0.602688 0.673531 0.076687 0.078375
