0 0.205602 0.633961 0.048328 0.043734
16 0.205758 0.654219 0.049453 0.027062
2 0.515687 0.407766 0.078219 0.078969
13 0.179641 0.938070 0.078375 0.077203
13 0.179594 0.790438 0.077531 0.078844
13 0.179758 0.347570 0.079172 0.077203
2 0.217203 0.100937 0.078938 0.077812
2 0.368180 0.408102 0.076953 0.079109
1 0.377656 0.289586 0.045344 0.050391
13 0.180414 0.642484 0.079828 0.075875
2 0.515625 0.628656 0.079844 0.077188
2 0.515609 0.850562 0.078562 0.076875
2 0.367766 0.850844 0.077250 0.077063
2 0.368000 0.628391 0.077188 0.076250
13 0.179430 0.495195 0.078516 0.078172
