2 0.818391 0.749367 0.078906 0.077797
2 0.811797 0.390617 0.077250 0.078891
2 0.811383 0.168383 0.076703 0.079172
2 0.504453 0.329969 0.078344 0.078906
2 0.203867 0.682781 0.075609 0.078781
2 0.203867 0.460898 0.076391 0.079172
2 0.203469 0.238820 0.077187 0.079172
20 0.562172 0.817219 0.023438 0.032031
1 0.713398 0.308234 0.047047 0.047437
1 0.713148 0.739563 0.048328 0.048594
1 0.152570 0.786055 0.049891 0.048266
6 0.504562 0.772602 0.078375 0.076797
2 0.818664 0.892453 0.078891 0.076969
2 0.818531 0.527656 0.078625 0.078625
