2 0.364938 0.534141 0.076969 0.078563
9 0.671281 0.882797 0.027187 0.050250
9 0.783055 0.258125 0.032141 0.049687
9 0.701648 0.258391 0.032391 0.048594
2 0.191836 0.795250 0.078578 0.078344
2 0.562063 0.795203 0.076750 0.078812
2 0.820250 0.871836 0.078125 0.078578
2 0.858992 0.406195 0.077516 0.078516
2 0.620156 0.410641 0.078844 0.078187
2 0.069641 0.534164 0.077156 0.078109
2 0.611008 0.114047 0.078391 0.078781
2 0.365180 0.090094 0.076797 0.077594
16 0.753859 0.239516 0.032406 0.048000
2 0.068875 0.090688 0.077188 0.079563
20 0.677078 0.515984 0.023438 0.032031
20 0.922422 0.513906 0.023438 0.032031
20 0.918281 0.069812 0.023438 0.032031
20 0.624281 0.905219 0.023438 0.032031
20 0.258859 0.902109 0.023438 0.032031
6 0.191687 0.943750 0.078094 0.078625
6 0.857773 0.113453 0.079172 0.078187
6 0.620000 0.558609 0.078625 0.077531
6 0.859437 0.554078 0.078063 0.077250
6 0.561562 0.943664 0.076969 0.078578
16 0.672484 0.239609 0.032406 0.048188
