5 0.593664 0.604609 0.025266 0.050875
2 0.070383 0.684414 0.078453 0.078078
2 0.070023 0.463102 0.077891 0.076391
2 0.217117 0.463000 0.077703 0.076938
2 0.443906 0.426359 0.078094 0.077719
2 0.735789 0.426602 0.078109 0.077797
2 0.484258 0.689844 0.078078 0.077125
1 0.363406 0.790070 0.048875 0.039484
20 0.402891 0.055000 0.022969 0.030625
2 0.217188 0.684602 0.078469 0.078078
20 0.986859 0.725172 0.022344 0.031719
20 0.973500 0.620484 0.033125 0.031719
5 0.786422 0.604586 0.026594 0.050828
6 0.927805 0.689891 0.078297 0.077188
