2 0.388406 0.714344 0.076500 0.076500
2 0.092586 0.714773 0.076422 0.076672
2 0.391664 0.881227 0.076266 0.078078
2 0.095789 0.881219 0.076734 0.078531
6 0.705266 0.902203 0.076500 0.078000
1 0.479234 0.228781 0.050063 0.048750
1 0.479414 0.575375 0.049266 0.047469
5 0.906156 0.824938 0.024625 0.050219
20 0.776125 0.825234 0.023438 0.032031
15 0.933547 0.808078 0.024656 0.049000
2 0.390516 0.345141 0.078563 0.078375
2 0.095391 0.345328 0.078563 0.078750
2 0.092766 0.492891 0.077063 0.076875
2 0.094859 0.124313 0.078031 0.077219
2 0.390367 0.123898 0.078828 0.076953
2 0.704672 0.459281 0.075031 0.078375
20 0.765625 0.933328 0.023438 0.032031
2 0.388172 0.492609 0.076125 0.077062
