2 0.843805 0.239148 0.078922 0.079703
1 0.547625 0.786641 0.048594 0.048281
1 0.392586 0.785984 0.049578 0.047625
2 0.197969 0.238992 0.075813 0.078922
2 0.419203 0.238992 0.075813 0.078922
2 0.197969 0.460992 0.076594 0.078922
2 0.419398 0.460602 0.076984 0.079703
2 0.197188 0.682617 0.076594 0.079703
2 0.419781 0.682609 0.076969 0.078937
2 0.621805 0.238563 0.078922 0.079313
2 0.621609 0.460758 0.079312 0.078922
2 0.843805 0.460953 0.078922 0.080094
2 0.621414 0.682578 0.078922 0.080094
2 0.844000 0.682570 0.078531 0.078547
