2 0.844844 0.075047 0.077438 0.078938
20 0.671328 0.593172 0.023438 0.032031
20 0.669250 0.370594 0.023438 0.032031
20 0.671328 0.147000 0.023438 0.032031
6 0.612406 0.192125 0.077812 0.078750
6 0.612531 0.414062 0.077813 0.077625
6 0.612813 0.635313 0.077813 0.076250
9 0.390219 0.306273 0.049563 0.033703
16 0.390180 0.278297 0.049266 0.033750
2 0.099758 0.074875 0.079703 0.078406
2 0.247336 0.075516 0.075484 0.078406
2 0.247984 0.296648 0.076781 0.078734
2 0.099758 0.296648 0.079047 0.078734
2 0.100016 0.517922 0.078563 0.076125
2 0.247859 0.517922 0.076500 0.076875
2 0.464609 0.413859 0.077250 0.078750
2 0.464469 0.635313 0.076313 0.076875
2 0.464969 0.192281 0.076875 0.078188
2 0.806953 0.801688 0.077500 0.079375
2 0.807086 0.948047 0.076672 0.078844
2 0.845422 0.518203 0.078531 0.077625
2 0.845500 0.296578 0.078750 0.078375
