16 0.396414 0.608898 0.049391 0.026828
16 0.206875 0.037547 0.026562 0.050875
9 0.233687 0.036859 0.027000 0.049688
9 0.233961 0.108000 0.028078 0.050500
9 0.415844 0.635875 0.050625 0.028313
6 0.351438 0.953781 0.079031 0.077500
6 0.056320 0.953398 0.078641 0.076359
6 0.611094 0.660148 0.078563 0.076516
6 0.351844 0.512523 0.079031 0.079266
6 0.055977 0.512172 0.077891 0.079031
20 0.124281 0.468359 0.023438 0.032031
20 0.413109 0.472500 0.023438 0.032031
20 0.673984 0.620531 0.023438 0.032031
20 0.126359 0.908328 0.023438 0.032031
20 0.416219 0.910391 0.023438 0.032031
2 0.275023 0.238117 0.077766 0.077484
2 0.610766 0.216781 0.078031 0.079656
2 0.940758 0.486516 0.079922 0.076406
2 0.940492 0.707508 0.078828 0.078297
2 0.935500 0.957203 0.076406 0.077219
2 0.351562 0.734281 0.078406 0.078406
2 0.055750 0.734281 0.078406 0.078406
