6 0.561359 0.626867 0.078375 0.079328
16 0.244313 0.937953 0.046875 0.038063
20 0.509734 0.536305 0.031062 0.030234
20 0.629477 0.510383 0.023766 0.032953
20 0.629617 0.655109 0.023484 0.030781
20 0.572836 0.807844 0.033203 0.032406
20 0.628187 0.906664 0.022406 0.030234
20 0.503812 0.201430 0.032406 0.031422
20 0.630016 0.285664 0.024313 0.031422
20 0.629523 0.136789 0.023328 0.031766
2 0.781359 0.875125 0.077813 0.078937
2 0.338156 0.874969 0.076875 0.078750
2 0.339594 0.478375 0.077438 0.076875
2 0.340031 0.626703 0.077250 0.078938
2 0.782953 0.626461 0.078844 0.079109
2 0.782813 0.478898 0.078562 0.077766
2 0.782813 0.254125 0.078562 0.077500
2 0.783086 0.106297 0.079109 0.079375
2 0.339656 0.253828 0.077813 0.076875
16 0.265359 0.161531 0.050625 0.026625
16 0.265219 0.582938 0.050062 0.025500
6 0.560664 0.874617 0.077922 0.076516
6 0.561133 0.478266 0.076984 0.077906
6 0.561711 0.253195 0.077766 0.076797
6 0.561547 0.106094 0.076781 0.079375
9 0.244547 0.969469 0.048594 0.035375
9 0.245656 0.608109 0.050469 0.026719
9 0.245953 0.185375 0.051094 0.026875
