6 0.242914 0.885867 0.077141 0.078984
2 0.390625 0.681711 0.079312 0.076984
6 0.390305 0.885750 0.078516 0.078750
6 0.698297 0.376781 0.078594 0.079062
6 0.390453 0.460680 0.078312 0.078578
6 0.243297 0.461078 0.077219 0.078844
6 0.095070 0.460812 0.079391 0.079375
2 0.094750 0.682102 0.079312 0.076984
2 0.242688 0.681906 0.076594 0.077375
1 0.475078 0.280617 0.049906 0.040172
20 0.759312 0.414078 0.023438 0.032031
20 0.448766 0.500000 0.023438 0.032031
20 0.300719 0.497922 0.023438 0.032031
20 0.153734 0.498969 0.023438 0.032031
20 0.301766 0.923391 0.023438 0.032031
20 0.448766 0.925469 0.023438 0.032031
20 0.152688 0.925469 0.023438 0.032031
2 0.101898 0.142805 0.076422 0.076672
2 0.397273 0.142531 0.076953 0.077219
15 0.479695 0.714375 0.036547 0.047031
5 0.473297 0.754008 0.049562 0.025266
16 0.922617 0.018266 0.048203 0.036156
2 0.698430 0.819258 0.078984 0.077391
2 0.397414 0.290492 0.077234 0.079391
2 0.102305 0.290219 0.077234 0.078844
6 0.095203 0.885758 0.077812 0.079203
