20 0.086484 0.384687 0.033594 0.032187
16 0.628297 0.947016 0.025906 0.049563
6 0.692625 0.648391 0.077062 0.079000
6 0.697695 0.867055 0.077172 0.078297
6 0.457664 0.873758 0.078984 0.079641
2 0.247305 0.872477 0.078797 0.076984
2 0.039055 0.836695 0.078109 0.076141
2 0.039055 0.688797 0.078109 0.078344
2 0.693133 0.426492 0.076734 0.078078
2 0.323266 0.426305 0.078094 0.078453
9 0.595734 0.965062 0.025594 0.049250
9 0.831117 0.704914 0.046172 0.036984
5 0.183820 0.919039 0.042766 0.044703
6 0.323539 0.648047 0.079203 0.078750
20 0.095203 0.503891 0.023906 0.031094
20 0.352297 0.568906 0.033437 0.032500
20 0.383437 0.678344 0.022500 0.031094
20 0.719734 0.556484 0.033594 0.031875
20 0.756141 0.678516 0.023594 0.030312
20 0.784031 0.780438 0.033000 0.031875
20 0.755687 0.901500 0.024375 0.032500
20 0.516953 0.908359 0.021719 0.031406
20 0.475750 0.953125 0.032344 0.031250
