2 0.835758 0.445312 0.078828 0.078844
2 0.561039 0.445594 0.078078 0.079063
2 0.547648 0.144508 0.076953 0.076672
2 0.247562 0.199187 0.076781 0.077437
9 0.485406 0.330133 0.032125 0.048859
20 0.888719 0.624219 0.023438 0.032031
16 0.457867 0.313359 0.032391 0.048594
16 0.693578 0.313492 0.032406 0.048328
20 0.787266 0.187375 0.023438 0.032031
2 0.698414 0.934313 0.079109 0.078562
20 0.612313 0.620078 0.023438 0.032031
9 0.721688 0.330562 0.033906 0.049219
2 0.397383 0.801688 0.077766 0.079375
2 0.397797 0.948430 0.076406 0.078578
2 0.102281 0.948164 0.077219 0.079109
6 0.561328 0.591484 0.077656 0.076719
6 0.835812 0.591625 0.078031 0.078562
6 0.843148 0.144313 0.076703 0.077406
2 0.102281 0.801680 0.077219 0.078297
