6 0.291711 0.533375 0.077703 0.076938
2 0.610898 0.398383 0.079391 0.078734
2 0.351531 0.248703 0.078406 0.077438
2 0.056047 0.249180 0.079063 0.077766
6 0.636813 0.760719 0.077125 0.078656
2 0.063664 0.798852 0.078078 0.076797
2 0.063664 0.946438 0.078734 0.075812
15 0.420781 0.532336 0.044375 0.041953
2 0.285766 0.945625 0.078406 0.078094
2 0.285766 0.797391 0.078406 0.078406
9 0.158625 0.336594 0.035312 0.046656
16 0.118680 0.317297 0.038234 0.046656
2 0.611055 0.103062 0.079703 0.078406
20 0.347891 0.572922 0.023438 0.032031
20 0.699859 0.724062 0.023438 0.032031
1 0.802789 0.033984 0.049953 0.039813
1 0.417633 0.914375 0.050859 0.039188
2 0.935063 0.178711 0.077750 0.078078
2 0.935219 0.399516 0.076781 0.078406
