13 0.050328 0.650172 0.076812 0.076469
20 0.260937 0.264422 0.023438 0.032031
20 0.701922 0.216812 0.023438 0.032031
2 0.941977 0.193383 0.078547 0.078141
2 0.942609 0.722258 0.078406 0.078422
2 0.633500 0.695555 0.076719 0.078516
6 0.633539 0.251102 0.076391 0.079172
9 0.855906 0.829328 0.050469 0.031250
9 0.424766 0.757562 0.051406 0.028125
9 0.424703 0.404469 0.050469 0.028125
9 0.852797 0.340328 0.050312 0.031562
9 0.855703 0.221500 0.049687 0.032344
9 0.424242 0.084789 0.051078 0.029484
20 0.260937 0.596734 0.023438 0.032031
13 0.936906 0.459273 0.077625 0.079203
13 0.345234 0.650672 0.078187 0.077250
13 0.274297 0.927125 0.077438 0.078094
13 0.052195 0.927289 0.077109 0.077109
13 0.345219 0.316414 0.078719 0.077422
13 0.050219 0.317383 0.076469 0.078734
17 0.198336 0.651062 0.078516 0.077531
17 0.198484 0.317102 0.078625 0.078891
16 0.424523 0.110922 0.051328 0.029156
16 0.424539 0.431438 0.051516 0.028844
16 0.424492 0.784492 0.051297 0.028078
16 0.851703 0.869141 0.040500 0.046344
16 0.873344 0.260906 0.041438 0.047437
1 0.171047 0.838977 0.049406 0.046172
