5 0.512883 0.089844 0.046984 0.041156
5 0.302187 0.089773 0.045688 0.041797
5 0.294867 0.513922 0.039141 0.046437
20 0.393437 0.157797 0.023438 0.032031
15 0.338352 0.517305 0.045359 0.041578
13 0.676227 0.440672 0.078984 0.078062
13 0.676562 0.219164 0.078750 0.076953
13 0.331500 0.410031 0.078125 0.077500
17 0.331180 0.188961 0.078516 0.079172
2 0.389031 0.738281 0.078531 0.077406
2 0.762203 0.748445 0.077625 0.078297
20 0.076672 0.255109 0.023438 0.032031
9 0.932766 0.589344 0.047438 0.041812
