20 0.080047 0.937328 0.023438 0.032031
20 0.023906 0.177437 0.023438 0.032031
20 0.165437 0.207766 0.023438 0.032031
20 0.882062 0.925719 0.023438 0.032031
2 0.549461 0.177102 0.076734 0.076953
2 0.775062 0.438133 0.077750 0.077484
2 0.774445 0.660406 0.078547 0.076594
2 0.711656 0.916438 0.077375 0.078531
2 0.563719 0.916625 0.078531 0.077375
2 0.314109 0.908094 0.079312 0.080437
2 0.138367 0.652250 0.077766 0.075812
5 0.586766 0.349719 0.024625 0.050219
2 0.433461 0.651664 0.076984 0.076203
9 0.813367 0.349836 0.025484 0.048891
2 0.433273 0.430633 0.077359 0.078141
2 0.137977 0.431406 0.077766 0.077375
