20 0.180664 0.387539 0.024266 0.029859
2 0.614414 0.512531 0.078516 0.078750
20 0.036266 0.345539 0.021937 0.029859
15 0.864102 0.592391 0.025016 0.048937
2 0.392281 0.512281 0.078563 0.078375
2 0.575602 0.736102 0.077453 0.077453
20 0.180367 0.767523 0.024609 0.031109
2 0.391992 0.291133 0.079234 0.078297
2 0.614391 0.291367 0.078969 0.076953
5 0.243906 0.394953 0.049562 0.025281
20 0.270437 0.720383 0.036938 0.029484
6 0.120344 0.357617 0.079125 0.079109
6 0.120508 0.736648 0.078297 0.077172
6 0.957437 0.400773 0.078406 0.077109
