2 0.277305 0.935805 0.077109 0.078422
2 0.911086 0.644109 0.079109 0.077219
1 0.381477 0.475820 0.050547 0.038547
6 0.540461 0.644352 0.076516 0.077203
9 0.713148 0.270602 0.048922 0.037578
15 0.718953 0.908125 0.049500 0.024750
2 0.541398 0.201742 0.076953 0.078984
5 0.380727 0.988203 0.049578 0.023281
20 0.599891 0.685297 0.023438 0.032031
2 0.098562 0.201469 0.078938 0.078750
2 0.879883 0.339797 0.079109 0.076938
2 0.879148 0.052844 0.077234 0.079656
5 0.718398 0.878359 0.049578 0.024938
5 0.875375 0.835109 0.049250 0.025281
2 0.276922 0.437430 0.076594 0.078609
2 0.276586 0.585562 0.078609 0.079281
2 0.277258 0.787797 0.077266 0.077937
