2 0.565297 0.682469 0.078188 0.078000
2 0.212219 0.239523 0.077219 0.076953
15 0.710453 0.709688 0.049719 0.027000
2 0.063992 0.239656 0.078828 0.077219
2 0.814109 0.250734 0.078906 0.076875
2 0.211844 0.682750 0.077063 0.079687
1 0.710867 0.672422 0.048984 0.045719
1 0.404570 0.786258 0.049453 0.043859
1 0.039047 0.786242 0.049688 0.043734
2 0.063906 0.683023 0.078937 0.078766
2 0.064156 0.460984 0.078531 0.078750
2 0.211750 0.460875 0.077625 0.078531
2 0.418086 0.460984 0.077172 0.078750
2 0.565680 0.460875 0.078516 0.078531
2 0.814078 0.546266 0.078969 0.076938
2 0.417453 0.682844 0.077250 0.079125
2 0.565250 0.239656 0.078031 0.076687
2 0.417969 0.239383 0.077219 0.076672
2 0.814187 0.841602 0.079219 0.077828
