5 0.467234 0.581602 0.050219 0.026891
2 0.806406 0.843562 0.078438 0.078750
2 0.578047 0.544203 0.078625 0.079719
2 0.887586 0.473281 0.078078 0.078625
6 0.248375 0.479219 0.078750 0.078594
6 0.565500 0.940312 0.078750 0.078937
20 0.282008 0.391102 0.030828 0.031953
20 0.299367 0.526352 0.022953 0.029703
20 0.016016 0.598578 0.024062 0.031719
2 0.806563 0.673234 0.077000 0.075406
20 0.021719 0.775375 0.023906 0.032188
20 0.509016 0.986563 0.020313 0.026875
2 0.290578 0.853000 0.078125 0.078344
15 0.832891 0.349109 0.050156 0.026562
5 0.814078 0.374242 0.050531 0.026891
