13 0.234789 0.555352 0.076516 0.076984
2 0.911352 0.845953 0.079172 0.077594
2 0.689859 0.845953 0.076406 0.077594
2 0.689859 0.624070 0.077187 0.077203
2 0.910555 0.624070 0.078391 0.075609
2 0.911344 0.403180 0.077594 0.078766
2 0.690055 0.403375 0.076797 0.078375
2 0.444547 0.087312 0.076969 0.078906
6 0.887562 0.087180 0.079438 0.078359
16 0.188016 0.292781 0.036000 0.047031
1 0.698086 0.294555 0.038891 0.050547
20 0.519734 0.514953 0.023438 0.032031
20 0.517656 0.664016 0.023438 0.032031
20 0.515594 0.813078 0.023438 0.032031
20 0.070453 0.811016 0.023438 0.032031
20 0.071500 0.665047 0.023438 0.032031
20 0.074594 0.515984 0.023438 0.032031
17 0.456461 0.407563 0.079172 0.078781
17 0.456141 0.555719 0.079813 0.078094
20 0.071500 0.364844 0.023438 0.032031
17 0.455891 0.702867 0.078656 0.078453
17 0.456172 0.851094 0.078281 0.078125
9 0.170203 0.319828 0.024188 0.050063
13 0.235023 0.850453 0.076984 0.078375
13 0.235023 0.703023 0.076984 0.078391
13 0.235484 0.407688 0.077906 0.079313
20 0.945203 0.126750 0.023438 0.032031
20 0.516625 0.364844 0.023438 0.032031
