2 0.273297 0.398391 0.078406 0.076469
6 0.734766 0.593922 0.079219 0.077969
2 0.051672 0.398227 0.078406 0.078734
2 0.734023 0.815617 0.079203 0.079203
2 0.273477 0.842320 0.078516 0.078078
20 0.357656 0.152172 0.023438 0.032031
6 0.557813 0.625195 0.078375 0.076891
20 0.734469 0.067281 0.023438 0.032031
2 0.051289 0.841313 0.078297 0.076500
2 0.051406 0.620016 0.077625 0.076281
2 0.273469 0.619344 0.077625 0.076281
2 0.955883 0.372086 0.077766 0.077766
1 0.301687 0.268625 0.037875 0.050625
2 0.734469 0.371547 0.076938 0.078563
2 0.512141 0.371953 0.077219 0.077219
16 0.698922 0.531656 0.048594 0.024563
20 0.794516 0.623188 0.023438 0.032031
20 0.617500 0.652172 0.023438 0.032031
20 0.309531 0.035203 0.036875 0.032031
6 0.955516 0.593406 0.077187 0.078437
6 0.296977 0.121391 0.078297 0.078031
2 0.955430 0.815273 0.076953 0.078984
0 0.971187 0.269172 0.043750 0.050219
