2 0.956227 0.774398 0.078891 0.076422
13 0.610805 0.870000 0.078734 0.077750
2 0.371094 0.155680 0.076531 0.078172
2 0.729625 0.534523 0.078906 0.078359
9 0.821102 0.740430 0.027203 0.049766
2 0.582000 0.534383 0.077250 0.078078
20 0.431750 0.410391 0.023438 0.032031
2 0.729344 0.090195 0.078500 0.077859
5 0.299469 0.434578 0.034344 0.050219
2 0.127633 0.046648 0.077859 0.077859
2 0.581891 0.090195 0.077188 0.077859
5 0.300055 0.193453 0.033047 0.050219
6 0.370859 0.451344 0.077312 0.078844
2 0.128125 0.271563 0.079031 0.078844
2 0.131164 0.516023 0.078891 0.079453
2 0.171047 0.870344 0.077906 0.078813
