6 0.779680 0.470180 0.077672 0.079266
5 0.595906 0.504070 0.024500 0.048984
20 0.843750 0.435234 0.023438 0.032031
5 0.316117 0.106984 0.025922 0.050219
5 0.514453 0.319781 0.024875 0.050531
2 0.354687 0.454391 0.078844 0.078844
2 0.243344 0.214023 0.078531 0.079703
6 0.464617 0.214016 0.076422 0.078625
5 0.893922 0.511656 0.024094 0.047812
15 0.863875 0.502742 0.023656 0.049891
15 0.544508 0.310937 0.026047 0.047938
5 0.536930 0.104227 0.039859 0.047297
5 0.860609 0.214547 0.026250 0.050219
2 0.442445 0.717172 0.076984 0.079312
2 0.886070 0.716789 0.077766 0.078547
2 0.779187 0.248438 0.078406 0.079063
20 0.411031 0.252000 0.023438 0.032031
