20 0.526219 0.630555 0.022719 0.030828
20 0.526781 0.536047 0.023406 0.031281
20 0.948117 0.411758 0.023172 0.029484
20 0.552930 0.878133 0.033766 0.031297
20 0.621781 0.905664 0.024031 0.031859
15 0.748961 0.509109 0.050672 0.026125
15 0.841398 0.949703 0.049484 0.026125
2 0.921109 0.791922 0.076687 0.078594
2 0.241906 0.886469 0.078969 0.077625
2 0.075969 0.656180 0.077406 0.078297
2 0.292758 0.550766 0.077172 0.077187
2 0.920914 0.054219 0.076953 0.078563
2 0.552344 0.054344 0.076563 0.078281
9 0.219844 0.531000 0.050625 0.025312
6 0.075578 0.433914 0.076844 0.079297
6 0.588148 0.530445 0.077484 0.076953
6 0.588008 0.603750 0.077766 0.077750
6 0.624117 0.846688 0.076953 0.078750
6 0.920992 0.350039 0.076453 0.078734
20 0.077711 0.498555 0.022953 0.031328
20 0.018180 0.508141 0.022141 0.028344
20 0.587867 0.425797 0.035766 0.031281
