6 0.423359 0.535703 0.078125 0.079250
20 0.485578 0.131922 0.023438 0.032031
20 0.219531 0.399000 0.023438 0.032031
15 0.235906 0.282703 0.050156 0.028281
15 0.235984 0.500750 0.049531 0.026719
20 0.480391 0.491141 0.023438 0.032031
2 0.159812 0.074609 0.077031 0.078125
2 0.673391 0.241953 0.078125 0.077969
2 0.423328 0.387094 0.078750 0.078000
2 0.673563 0.492156 0.078375 0.078750
2 0.445719 0.805484 0.076875 0.078000
2 0.889016 0.805453 0.078187 0.077062
20 0.069422 0.779953 0.023438 0.032031
6 0.160367 0.443266 0.076297 0.078562
5 0.223031 0.474375 0.049813 0.027219
5 0.223414 0.255086 0.049734 0.026453
0 0.810273 0.340773 0.045453 0.050859
6 0.423078 0.175531 0.078344 0.076969
