20 0.035078 0.811172 0.036719 0.030156
6 0.633102 0.769719 0.078578 0.078031
6 0.379531 0.516172 0.079687 0.077438
6 0.953781 0.513273 0.077219 0.077766
6 0.953914 0.291625 0.078078 0.079375
6 0.379391 0.295281 0.080031 0.079062
20 0.355633 0.418805 0.034984 0.031953
2 0.688352 0.402219 0.077609 0.076625
15 0.224023 0.963125 0.027547 0.047500
15 0.984352 0.592750 0.024734 0.049469
15 0.300578 0.592445 0.024938 0.048297
1 0.690797 0.964320 0.037906 0.050547
5 0.246234 0.964281 0.029156 0.050156
5 0.626445 0.657875 0.024953 0.051187
20 0.439531 0.325273 0.021063 0.030516
20 0.077953 0.763859 0.021875 0.030781
20 0.017172 0.431250 0.022844 0.032437
20 0.106281 0.373242 0.032625 0.030828
20 0.439281 0.547109 0.022687 0.031875
20 0.693203 0.798609 0.022812 0.030625
20 0.780617 0.745320 0.036578 0.031359
20 0.984508 0.222016 0.030984 0.031875
20 0.774383 0.018383 0.022516 0.031891
20 0.753672 0.070016 0.036469 0.031688
20 0.035328 0.060773 0.038187 0.030734
20 0.066164 0.018492 0.023109 0.030547
