2 0.195211 0.569000 0.079391 0.080187
2 0.195211 0.346516 0.078297 0.078563
2 0.194586 0.125469 0.078297 0.076688
15 0.878594 0.134203 0.045875 0.042000
2 0.502711 0.742055 0.078078 0.079391
2 0.195078 0.789859 0.078031 0.078031
20 0.579781 0.260281 0.023438 0.032031
20 0.937953 0.412469 0.023438 0.032031
7 0.875992 0.572031 0.059484 0.031094
20 0.843750 0.142281 0.023438 0.032031
2 0.946438 0.737187 0.076469 0.077438
15 0.846523 0.302937 0.046266 0.040437
6 0.503102 0.298781 0.077891 0.076750
6 0.781391 0.171711 0.078063 0.078609
6 0.878688 0.437945 0.079031 0.077203
11 0.748594 0.571844 0.059344 0.033031
