17 0.869484 0.654000 0.077156 0.077313
20 0.210203 0.455937 0.023438 0.032031
6 0.265914 0.855094 0.079266 0.077188
15 0.761008 0.605555 0.037359 0.048609
2 0.117922 0.855641 0.077031 0.076719
2 0.117953 0.412094 0.077406 0.078531
9 0.088773 0.289625 0.036297 0.047625
2 0.559102 0.097578 0.078766 0.077625
20 0.207109 0.672297 0.023438 0.032031
20 0.209172 0.895891 0.023438 0.032031
20 0.938984 0.614328 0.023438 0.032031
1 0.751602 0.573375 0.049266 0.039594
2 0.117781 0.634297 0.077063 0.079125
2 0.559336 0.540297 0.078578 0.078563
16 0.115156 0.290125 0.038437 0.048000
2 0.116133 0.097578 0.077078 0.077250
6 0.265359 0.412477 0.078875 0.079172
6 0.265773 0.634453 0.079141 0.078344
13 0.833633 0.887281 0.076953 0.078750
13 0.865062 0.437578 0.077625 0.078563
13 0.872578 0.152266 0.077031 0.077344
