13 0.265062 0.180141 0.076688 0.077219
17 0.869109 0.441805 0.076969 0.079172
2 0.559125 0.768687 0.078406 0.078406
2 0.165023 0.542125 0.076953 0.077844
20 0.633609 0.284094 0.023438 0.032031
20 0.938984 0.402109 0.023438 0.032031
15 0.761813 0.390477 0.038875 0.047953
1 0.751414 0.358859 0.049953 0.037531
6 0.559625 0.325664 0.078844 0.077203
9 0.145359 0.690617 0.042750 0.042797
9 0.051687 0.425234 0.043688 0.043875
9 0.197508 0.425117 0.043734 0.045891
13 0.867742 0.950703 0.077453 0.078031
13 0.862344 0.213891 0.078063 0.078531
13 0.862484 0.698516 0.078844 0.078844
13 0.179672 0.751156 0.078187 0.078562
13 0.264789 0.327937 0.076672 0.078500
