2 0.559156 0.473234 0.077750 0.079375
20 0.017656 0.427984 0.023438 0.032031
20 0.023875 0.204391 0.023438 0.032031
16 0.695711 0.789156 0.033484 0.048063
9 0.097375 0.266469 0.046406 0.042656
9 0.396883 0.738438 0.051078 0.031281
9 0.964500 0.931297 0.047500 0.038125
0 0.655359 0.806328 0.045000 0.049688
6 0.854156 0.694883 0.078094 0.079234
6 0.854437 0.473711 0.077531 0.079234
6 0.854656 0.252250 0.078344 0.076969
13 0.250805 0.209039 0.077422 0.078734
13 0.250477 0.356969 0.076953 0.078031
13 0.250766 0.527211 0.076594 0.077766
13 0.250961 0.748633 0.076984 0.078922
2 0.558664 0.695328 0.078734 0.078406
2 0.559172 0.252102 0.078375 0.077109
20 0.018703 0.647453 0.023438 0.032031
20 0.916219 0.664016 0.023438 0.032031
20 0.910000 0.436266 0.023438 0.032031
20 0.924500 0.212672 0.023438 0.032031
