1 0.452187 0.786359 0.049063 0.048438
1 0.187867 0.786133 0.049047 0.047922
2 0.731437 0.682617 0.077812 0.077828
2 0.583352 0.682336 0.077266 0.077266
2 0.435539 0.682336 0.077266 0.077266
2 0.194523 0.682867 0.076703 0.078328
2 0.046437 0.682617 0.078375 0.077828
2 0.731156 0.460320 0.078375 0.078891
2 0.583914 0.460320 0.076141 0.077766
2 0.435828 0.460320 0.078938 0.078891
2 0.193680 0.460320 0.077266 0.077766
2 0.045875 0.461156 0.078375 0.077313
2 0.731156 0.238328 0.077250 0.079563
2 0.583680 0.238891 0.077453 0.078375
2 0.435313 0.238656 0.079313 0.078844
2 0.194336 0.239125 0.076984 0.078844
2 0.046438 0.239359 0.078844 0.078375
