9 0.624500 0.827578 0.033750 0.048156
2 0.442609 0.697602 0.076406 0.077766
9 0.281531 0.435539 0.050219 0.031047
6 0.157938 0.139250 0.078438 0.077156
17 0.695305 0.146906 0.078516 0.078844
17 0.695141 0.295016 0.078188 0.078844
17 0.695469 0.442477 0.079500 0.080172
20 0.761391 0.334375 0.023438 0.032031
20 0.760359 0.032094 0.023438 0.032031
15 0.046086 0.135977 0.049953 0.025109
20 0.268641 0.752594 0.023438 0.032031
2 0.909445 0.688961 0.078578 0.078828
2 0.738125 0.697328 0.077219 0.077750
6 0.213328 0.711734 0.077656 0.077656
20 0.761391 0.482406 0.023438 0.032031
16 0.265633 0.464727 0.049141 0.032672
2 0.213023 0.416266 0.077109 0.077438
5 0.045945 0.106563 0.048922 0.025281
20 0.215844 0.174953 0.023438 0.032031
20 0.760359 0.187375 0.023438 0.032031
13 0.473125 0.442758 0.078937 0.078922
13 0.473313 0.294844 0.079312 0.077812
13 0.473516 0.146687 0.078937 0.078531
20 0.049172 0.753625 0.023438 0.032031
