6 0.037469 0.770945 0.074938 0.076797
5 0.271867 0.967656 0.034016 0.048281
13 0.376000 0.299852 0.076750 0.078109
13 0.625406 0.336844 0.078906 0.078063
13 0.376344 0.509484 0.078906 0.076969
17 0.915156 0.484289 0.077438 0.078109
17 0.125078 0.484078 0.078625 0.078625
6 0.922312 0.771414 0.078344 0.077797
9 0.504281 0.253312 0.049875 0.027750
9 0.485687 0.592500 0.038281 0.048750
9 0.279914 0.593555 0.038922 0.046578
2 0.699398 0.075695 0.076953 0.076953
13 0.914852 0.336828 0.077891 0.077656
9 0.226359 0.593781 0.039813 0.047469
15 0.299266 0.967000 0.036781 0.047250
17 0.625234 0.484781 0.078437 0.078750
16 0.186617 0.592758 0.035766 0.048203
1 0.481328 0.969695 0.047031 0.049953
16 0.526625 0.593891 0.039156 0.046125
2 0.478695 0.770836 0.077859 0.077172
20 0.540438 0.052219 0.023438 0.032031
20 0.986609 0.731297 0.023438 0.032031
20 0.977297 0.453875 0.023438 0.032031
20 0.693641 0.450766 0.023438 0.032031
20 0.116000 0.731297 0.023438 0.032031
20 0.191578 0.448688 0.023438 0.032031
13 0.124375 0.336586 0.080156 0.076547
6 0.478484 0.075531 0.078781 0.078375
