20 0.388633 0.641945 0.035641 0.031297
1 0.760414 0.074141 0.049828 0.038969
15 0.777484 0.040070 0.048937 0.024453
15 0.432344 0.010656 0.049219 0.021188
15 0.057758 0.054062 0.037547 0.048375
6 0.256281 0.689047 0.078531 0.079312
20 0.064773 0.226609 0.036172 0.031313
20 0.077195 0.332187 0.021047 0.030781
1 0.411398 0.041156 0.052172 0.039125
20 0.315203 0.725656 0.022688 0.030781
2 0.461492 0.296336 0.076172 0.077703
2 0.904703 0.296641 0.078281 0.077781
2 0.699344 0.688688 0.077125 0.078844
2 0.467133 0.958984 0.078797 0.079031
2 0.234617 0.949367 0.078641 0.076172
1 0.093773 0.074852 0.041016 0.049391
