20 0.036078 0.599250 0.023438 0.032031
20 0.556078 0.776375 0.023438 0.032031
20 0.022578 0.497281 0.023438 0.032031
1 0.711617 0.189766 0.048984 0.041594
2 0.189734 0.168320 0.076781 0.077109
2 0.484977 0.316812 0.076953 0.078031
2 0.815695 0.176547 0.077766 0.077438
2 0.815539 0.396859 0.078734 0.079375
2 0.815859 0.545094 0.077437 0.077125
5 0.098492 0.135719 0.049891 0.024938
5 0.098812 0.213477 0.049250 0.024297
1 0.711617 0.364727 0.048984 0.042391
6 0.513828 0.849687 0.078750 0.079687
6 0.883938 0.849719 0.077250 0.076688
20 0.573969 0.879422 0.023438 0.032031
20 0.929719 0.789219 0.023438 0.032031
20 0.943328 0.878641 0.023438 0.032031
