5 0.887977 0.784961 0.047578 0.039203
5 0.331602 0.453414 0.037703 0.047422
6 0.519703 0.219500 0.077500 0.076937
6 0.519742 0.367367 0.076922 0.079391
6 0.789680 0.686789 0.076953 0.078672
2 0.789055 0.217703 0.078297 0.076406
2 0.789422 0.945234 0.076781 0.079063
20 0.542516 0.938344 0.023438 0.032031
20 0.852031 0.706453 0.023438 0.032031
20 0.459687 0.404172 0.023438 0.032031
9 0.302758 0.636469 0.038766 0.050031
20 0.463828 0.260281 0.023438 0.032031
2 0.789859 0.464453 0.077719 0.076781
2 0.477930 0.607984 0.078734 0.079063
2 0.056422 0.619156 0.077937 0.076594
2 0.223375 0.367219 0.077250 0.077937
15 0.371547 0.453820 0.040500 0.046984
15 0.701898 0.741141 0.045453 0.039594
15 0.964477 0.646078 0.045453 0.040719
15 0.964250 0.532078 0.046250 0.039375
2 0.224125 0.219422 0.076500 0.077063
5 0.881836 0.375031 0.038484 0.047812
5 0.683898 0.701539 0.048141 0.038078
