20 0.849969 0.060500 0.023438 0.032031
20 0.130500 0.070844 0.023438 0.032031
13 0.839805 0.633891 0.076984 0.078531
6 0.063570 0.107055 0.077797 0.076984
13 0.839609 0.855117 0.076594 0.076984
9 0.422234 0.289687 0.035000 0.048594
9 0.048352 0.278320 0.049141 0.026734
17 0.578000 0.634734 0.079219 0.078469
13 0.578141 0.855312 0.078531 0.078156
1 0.912367 0.291242 0.044328 0.049922
6 0.784633 0.099906 0.079453 0.078625
16 0.398156 0.289859 0.035063 0.048937
16 0.059297 0.312812 0.047250 0.038813
2 0.506062 0.107078 0.077750 0.078844
13 0.191477 0.855312 0.078922 0.078156
13 0.191867 0.412664 0.078141 0.077766
17 0.191820 0.634047 0.078453 0.078656
20 0.643953 0.590516 0.023438 0.032031
20 0.255766 0.594656 0.023438 0.032031
13 0.839937 0.412687 0.077406 0.077625
13 0.578148 0.412227 0.079422 0.079422
