20 0.654609 0.903375 0.023281 0.031094
15 0.461836 0.550641 0.050172 0.026219
20 0.358641 0.471609 0.022813 0.031406
20 0.137594 0.471781 0.022812 0.031719
20 0.130125 0.562625 0.035469 0.032031
20 0.338328 0.693109 0.023594 0.032500
20 0.561141 0.699750 0.022656 0.030781
6 0.593422 0.872680 0.078406 0.077109
6 0.908359 0.796867 0.076469 0.079047
20 0.524297 0.852062 0.033437 0.031094
20 0.950422 0.133266 0.034875 0.030562
20 0.782219 0.700469 0.022312 0.030187
2 0.945234 0.552609 0.077750 0.079063
2 0.277828 0.872500 0.078563 0.077219
20 0.362750 0.606563 0.032969 0.030938
20 0.689969 0.605844 0.033563 0.030938
5 0.446500 0.584828 0.050406 0.027000
8 0.428203 0.159273 0.011094 0.032234
8 0.608648 0.159445 0.012141 0.031891
8 0.608125 0.288070 0.011781 0.031203
8 0.427328 0.288070 0.011437 0.031203
9 0.372188 0.231250 0.049063 0.025625
9 0.372687 0.370125 0.049063 0.024688
9 0.009727 0.729016 0.019297 0.049062
9 0.030000 0.729484 0.021719 0.049375
13 0.076109 0.663844 0.079313 0.078937
13 0.722773 0.448312 0.076797 0.078406
13 0.500672 0.448148 0.077750 0.078734
13 0.298367 0.220938 0.078078 0.077438
13 0.076109 0.221094 0.080031 0.076469
17 0.076563 0.442188 0.078344 0.078906
17 0.297922 0.442078 0.078625 0.077250
6 0.278125 0.663945 0.078406 0.077109
17 0.500922 0.670375 0.076844 0.078906
17 0.722859 0.670016 0.077125 0.078469
17 0.942031 0.218922 0.078344 0.078813
20 0.960719 0.725039 0.032062 0.030578
20 0.969500 0.827070 0.023500 0.030609
