2 0.518797 0.216156 0.078188 0.078750
2 0.946023 0.442289 0.076953 0.078984
2 0.946117 0.663078 0.076953 0.076500
2 0.635437 0.862453 0.077250 0.078562
2 0.413531 0.862453 0.078938 0.078187
2 0.192375 0.862453 0.079125 0.078187
9 0.817516 0.878156 0.042344 0.047500
9 0.284000 0.041258 0.039938 0.045359
20 0.706063 0.444547 0.023438 0.032031
20 0.488672 0.452828 0.023438 0.032031
20 0.261969 0.452828 0.023438 0.032031
20 0.036297 0.456969 0.023438 0.032031
20 0.143953 0.184719 0.023438 0.032031
3 0.907000 0.892273 0.077656 0.075922
6 0.635359 0.493719 0.077125 0.078844
6 0.414008 0.493492 0.079078 0.078109
6 0.192000 0.493406 0.078594 0.078906
6 0.075594 0.216328 0.077469 0.077156
2 0.961414 0.216500 0.077172 0.077031
