20 0.955266 0.460266 0.023438 0.032031
5 0.169828 0.188570 0.024562 0.049953
2 0.519602 0.327930 0.077859 0.078078
6 0.071852 0.327602 0.078578 0.078297
6 0.074820 0.673469 0.078578 0.080469
7 0.044695 0.176406 0.058328 0.031719
6 0.891078 0.429328 0.077250 0.078563
16 0.870086 0.113195 0.049766 0.023672
16 0.852008 0.299602 0.025266 0.048984
2 0.791203 0.133281 0.076875 0.077062
2 0.516984 0.673281 0.078375 0.078375
2 0.960398 0.672852 0.077172 0.078297
20 0.128828 0.357953 0.023438 0.032031
20 0.133516 0.703234 0.023438 0.032031
20 0.145984 0.744484 0.023438 0.032031
