20 0.056422 0.950313 0.023438 0.032031
20 0.282094 0.946172 0.023438 0.032031
20 0.423906 0.526922 0.023438 0.032031
2 0.114148 0.515391 0.077766 0.078156
2 0.543703 0.596023 0.077750 0.076672
9 0.814180 0.765937 0.046984 0.036937
2 0.117742 0.038148 0.076141 0.076297
2 0.371914 0.115180 0.077766 0.079047
2 0.117898 0.265516 0.077109 0.079062
5 0.301961 0.195945 0.033047 0.048922
2 0.765641 0.301000 0.078313 0.077219
5 0.302125 0.433281 0.033375 0.049906
13 0.218742 0.769680 0.078766 0.077203
13 0.588141 0.758328 0.076719 0.077187
2 0.543562 0.300594 0.078031 0.076406
6 0.371984 0.484453 0.078375 0.078375
2 0.765508 0.596023 0.078578 0.076672
