13 0.845922 0.626234 0.076969 0.078125
20 0.628437 0.462156 0.023438 0.032031
13 0.424797 0.420711 0.078375 0.076797
13 0.846266 0.097625 0.077500 0.077656
13 0.919422 0.172102 0.077625 0.077953
13 0.424797 0.203398 0.078375 0.079172
17 0.139039 0.203117 0.078484 0.078516
20 0.195719 0.461109 0.023437 0.032031
13 0.846000 0.245125 0.077156 0.078594
13 0.919578 0.404477 0.077187 0.077672
20 0.197781 0.610187 0.023438 0.032031
0 0.731242 0.602563 0.050234 0.038875
20 0.631531 0.610187 0.023438 0.032031
13 0.846156 0.478016 0.077438 0.079031
13 0.919352 0.552242 0.076734 0.077203
13 0.424594 0.638836 0.077188 0.076797
20 0.195719 0.025297 0.023437 0.032031
13 0.911703 0.862695 0.078375 0.076391
13 0.764445 0.862695 0.078391 0.077203
20 0.193641 0.241656 0.023438 0.032031
17 0.139234 0.421305 0.078875 0.076797
17 0.139094 0.639094 0.079062 0.079219
17 0.572750 0.639125 0.077688 0.078469
17 0.572805 0.420859 0.077703 0.077312
20 0.629469 0.025297 0.023438 0.032031
17 0.572883 0.203516 0.076734 0.078656
20 0.628437 0.241656 0.023438 0.032031
