2 0.673023 0.086836 0.079109 0.078578
1 0.084172 0.292570 0.039531 0.051516
2 0.775742 0.403000 0.076672 0.079375
20 0.175016 0.056359 0.023438 0.032031
1 0.350195 0.290375 0.041172 0.050406
1 0.864937 0.290438 0.039375 0.049719
2 0.560953 0.845992 0.078313 0.077234
2 0.412859 0.845859 0.076938 0.077500
2 0.560820 0.624047 0.078578 0.077219
2 0.413125 0.624328 0.078031 0.077219
6 0.230266 0.087188 0.077125 0.078469
2 0.561086 0.403055 0.078578 0.078578
2 0.413133 0.403055 0.076953 0.079641
2 0.207805 0.846102 0.078922 0.077766
2 0.059867 0.845906 0.076984 0.078156
2 0.207805 0.623516 0.078922 0.077375
2 0.059672 0.624102 0.076594 0.076984
2 0.923703 0.403000 0.078844 0.078844
2 0.207617 0.402875 0.077766 0.079313
2 0.923570 0.845797 0.079109 0.077219
2 0.775203 0.845664 0.077219 0.076953
2 0.923828 0.624406 0.078031 0.077750
2 0.775742 0.624266 0.077766 0.078031
2 0.059477 0.402867 0.076203 0.078547
