0 0.571328 0.784289 0.048156 0.047016
20 0.020766 0.486062 0.023438 0.032031
20 0.159062 0.486062 0.023438 0.032031
20 0.224062 0.554609 0.023438 0.032031
20 0.429750 0.484875 0.023438 0.032031
20 0.703969 0.556984 0.023438 0.032031
20 0.690969 0.473047 0.023438 0.032031
20 0.912016 0.475422 0.023438 0.032031
1 0.239648 0.783930 0.038891 0.048609
16 0.526625 0.772125 0.043406 0.042438
6 0.852500 0.452813 0.076125 0.079312
6 0.631625 0.452906 0.078000 0.077625
6 0.369219 0.464062 0.076563 0.078281
6 0.221984 0.463391 0.077375 0.078937
2 0.369391 0.684891 0.076719 0.076719
2 0.221789 0.685117 0.078078 0.077172
2 0.630750 0.675164 0.077500 0.079641
2 0.852398 0.675031 0.076922 0.078844
2 0.852797 0.231750 0.076781 0.077437
15 0.201102 0.769727 0.033266 0.049484
2 0.631344 0.232406 0.079063 0.077438
2 0.369875 0.242117 0.076469 0.078734
2 0.222125 0.242445 0.078406 0.078734
