20 0.408391 0.649062 0.023438 0.032031
20 0.227219 0.649062 0.023438 0.032031
20 0.079187 0.649062 0.023438 0.032031
20 0.164078 0.480328 0.023438 0.032031
20 0.700313 0.152172 0.023438 0.032031
20 0.672359 0.057969 0.023438 0.032031
6 0.823266 0.620063 0.078406 0.078406
6 0.676664 0.619570 0.078734 0.078078
6 0.496187 0.620063 0.077438 0.079062
6 0.348289 0.620547 0.078422 0.078094
2 0.167609 0.838797 0.078594 0.078906
2 0.348219 0.841141 0.078125 0.076406
0 0.478672 0.268891 0.038437 0.050000
2 0.496156 0.841203 0.076563 0.076719
2 0.676703 0.841359 0.078437 0.077031
2 0.823500 0.398141 0.078562 0.078563
15 0.904602 0.283922 0.037984 0.047344
15 0.206914 0.285055 0.025203 0.048797
6 0.166844 0.617313 0.078406 0.077438
2 0.823359 0.841609 0.078281 0.077344
1 0.859180 0.269211 0.042109 0.049578
1 0.167500 0.268687 0.045687 0.049562
2 0.196969 0.120586 0.078750 0.077172
2 0.167227 0.396703 0.078516 0.078750
2 0.348711 0.398148 0.078297 0.077484
2 0.496133 0.398414 0.076141 0.078016
16 0.514273 0.285242 0.024078 0.047922
2 0.676219 0.398008 0.079375 0.078828
6 0.639734 0.121078 0.077187 0.076875
20 0.736547 0.648031 0.023438 0.032031
20 0.884578 0.649062 0.023438 0.032031
20 0.842125 0.481375 0.023438 0.032031
20 0.505687 0.478266 0.023438 0.032031
20 0.555391 0.650109 0.023438 0.032031
