20 0.149141 0.893828 0.023438 0.032031
13 0.355047 0.567914 0.078531 0.078547
13 0.309148 0.929336 0.078578 0.079109
20 0.271281 0.515984 0.023438 0.032031
16 0.424641 0.725102 0.050531 0.029547
9 0.424836 0.698273 0.050172 0.028797
16 0.856094 0.789859 0.049406 0.029687
17 0.207141 0.568883 0.077250 0.079172
17 0.088000 0.929633 0.076750 0.079266
2 0.633125 0.365875 0.077500 0.077219
2 0.633594 0.809281 0.076500 0.078000
9 0.851867 0.829539 0.040328 0.046703
13 0.059367 0.568305 0.078141 0.078547
1 0.424195 0.276187 0.049953 0.041031
13 0.059375 0.207844 0.078563 0.078844
13 0.207070 0.207437 0.076953 0.078031
13 0.354891 0.207578 0.078313 0.078844
