20 0.190547 0.294453 0.023437 0.032031
5 0.713719 0.650430 0.049688 0.031047
1 0.184086 0.969844 0.046703 0.051031
9 0.538070 0.968070 0.037328 0.047484
2 0.807625 0.771797 0.078406 0.079375
2 0.805984 0.039734 0.078594 0.077344
20 0.488672 0.292375 0.023438 0.032031
20 0.438984 0.734406 0.023438 0.032031
13 0.125766 0.482234 0.077594 0.078781
13 0.421672 0.482633 0.077188 0.078766
6 0.364828 0.771687 0.076969 0.078906
6 0.363047 0.038969 0.076969 0.077938
13 0.788406 0.417219 0.076375 0.078281
17 0.125586 0.334664 0.078078 0.077859
17 0.421234 0.335109 0.077625 0.077844
16 0.565422 0.968383 0.032656 0.047828
