15 0.679117 0.885047 0.041578 0.045625
2 0.882812 0.619375 0.078438 0.077031
2 0.849250 0.052883 0.076938 0.079203
3 0.054703 0.892734 0.079438 0.076563
3 0.202336 0.892734 0.077703 0.077719
20 0.472109 0.181609 0.023438 0.032031
6 0.404477 0.216383 0.078578 0.077203
15 0.878250 0.971992 0.047781 0.040234
1 0.261758 0.376617 0.038891 0.049578
2 0.882719 0.340516 0.078563 0.079156
5 0.682664 0.841195 0.046984 0.038234
2 0.166922 0.442156 0.077750 0.079062
2 0.167086 0.663609 0.078734 0.077438
2 0.477617 0.659367 0.078516 0.078297
2 0.503156 0.856016 0.078750 0.078750
9 0.677352 0.260523 0.040172 0.048922
2 0.781156 0.950344 0.078563 0.076313
9 0.676719 0.543594 0.040000 0.046563
