20 0.169844 0.295484 0.023438 0.032031
17 0.799969 0.309250 0.078750 0.078750
1 0.303648 0.498977 0.048609 0.048984
2 0.483258 0.305289 0.077484 0.076703
2 0.482961 0.526938 0.077359 0.078531
2 0.529867 0.847742 0.078078 0.077422
5 0.701234 0.499563 0.033063 0.050531
6 0.874547 0.830992 0.077656 0.079266
6 0.104563 0.331125 0.078812 0.078812
15 0.728211 0.499742 0.033703 0.050078
13 0.799922 0.530656 0.078094 0.077719
20 0.862391 0.276844 0.023438 0.032031
20 0.942094 0.789266 0.023438 0.032031
