13 0.059672 0.863297 0.079375 0.077500
17 0.836008 0.550563 0.078453 0.077500
20 0.901719 0.517016 0.023438 0.032031
20 0.515594 0.522188 0.023438 0.032031
20 0.878953 0.080156 0.023438 0.032031
1 0.424563 0.983234 0.050250 0.033000
17 0.814859 0.115578 0.076281 0.078563
13 0.258414 0.526500 0.076953 0.079656
13 0.258281 0.378680 0.077219 0.077766
13 0.258555 0.230984 0.076672 0.078844
16 0.724234 0.246719 0.036937 0.045688
13 0.355187 0.863031 0.078031 0.078031
9 0.685047 0.262578 0.037531 0.047531
9 0.750789 0.262313 0.035109 0.048062
13 0.593617 0.115297 0.077922 0.078375
13 0.258555 0.083703 0.076672 0.078031
13 0.577984 0.402930 0.077438 0.076984
13 0.835766 0.402469 0.078844 0.079781
2 0.633352 0.922750 0.077109 0.078406
13 0.207094 0.863297 0.077219 0.077500
17 0.577617 0.550602 0.078266 0.078078
16 0.658297 0.247047 0.035313 0.046969
