2 0.449219 0.541938 0.077625 0.078000
2 0.449391 0.394203 0.076938 0.077219
2 0.449258 0.247047 0.076672 0.078844
9 0.688078 0.806125 0.029063 0.050250
6 0.959086 0.687234 0.076141 0.077531
1 0.389047 0.805844 0.047187 0.050313
6 0.958391 0.465461 0.076531 0.077516
6 0.958680 0.244508 0.076703 0.076984
16 0.720328 0.789523 0.033125 0.048047
20 0.095297 0.846203 0.023437 0.032031
11 0.271141 0.935187 0.030781 0.058312
2 0.737672 0.244734 0.078188 0.077062
2 0.737781 0.465602 0.078531 0.077859
2 0.737562 0.687562 0.078969 0.077625
2 0.449062 0.689922 0.077500 0.077031
