9 0.696242 0.390281 0.024297 0.049250
2 0.240781 0.354461 0.077375 0.077766
16 0.653539 0.366930 0.024953 0.047953
6 0.522469 0.710078 0.077500 0.077969
6 0.781008 0.487977 0.078297 0.077484
2 0.522266 0.494234 0.077375 0.078156
20 0.817469 0.922250 0.022688 0.031312
20 0.961273 0.458008 0.021391 0.032078
20 0.720867 0.481328 0.021391 0.031438
2 0.306953 0.895133 0.078531 0.076984
9 0.673070 0.389641 0.025266 0.048594
20 0.543469 0.722391 0.021063 0.030125
14 0.244258 0.041148 0.086078 0.022859
2 0.301703 0.710250 0.079719 0.076594
2 0.781211 0.267570 0.078141 0.079703
14 0.460367 0.041148 0.086078 0.022859
2 0.522656 0.266594 0.076594 0.078531
5 0.135430 0.326406 0.046984 0.040500
2 0.743898 0.710195 0.078422 0.076484
6 0.749937 0.896187 0.078125 0.077500
