1 0.868398 0.269172 0.037797 0.049500
2 0.643563 0.617969 0.078281 0.077187
2 0.864906 0.617750 0.077344 0.076406
2 0.864789 0.397141 0.076953 0.078844
2 0.643789 0.396602 0.078297 0.077766
2 0.454656 0.404836 0.078031 0.078578
2 0.381141 0.626367 0.078437 0.078266
1 0.498609 0.317086 0.049406 0.038609
2 0.854156 0.120945 0.077438 0.076453
6 0.132625 0.383562 0.078844 0.078031
2 0.410438 0.120945 0.077750 0.076453
20 0.192031 0.412016 0.023438 0.032031
20 0.154766 0.454453 0.023438 0.032031
20 0.010773 0.042437 0.021547 0.032031
20 0.027437 0.152172 0.023437 0.032031
2 0.864867 0.839484 0.076734 0.076063
2 0.644141 0.839711 0.078594 0.076703
2 0.381008 0.847203 0.077953 0.077031
2 0.086000 0.847578 0.078188 0.075938
2 0.086172 0.626469 0.078750 0.078125
