17 0.869742 0.178852 0.077516 0.077516
13 0.266297 0.219586 0.077406 0.078078
13 0.862516 0.687312 0.078906 0.078594
2 0.559453 0.211563 0.078281 0.076875
9 0.374141 0.066273 0.044344 0.042734
6 0.559578 0.654766 0.078844 0.079031
15 0.761102 0.868875 0.037797 0.047250
2 0.116242 0.654625 0.076953 0.078969
20 0.625328 0.621578 0.023438 0.032031
20 0.938984 0.883469 0.023438 0.032031
20 0.938984 0.138141 0.023438 0.032031
15 0.762203 0.133156 0.038875 0.047313
1 0.367875 0.468414 0.048219 0.046266
13 0.867906 0.407961 0.077406 0.079422
1 0.751664 0.837742 0.049766 0.037328
13 0.266188 0.440875 0.076719 0.078750
1 0.751234 0.102367 0.049000 0.038891
17 0.869500 0.925211 0.076969 0.078578
