5 0.792258 0.354422 0.050547 0.025656
2 0.428133 0.690109 0.078734 0.078531
16 0.774125 0.646266 0.050062 0.025500
6 0.576648 0.912500 0.078734 0.079062
6 0.576812 0.690563 0.078406 0.079062
6 0.576641 0.469266 0.079375 0.078406
6 0.418852 0.309219 0.078734 0.078406
2 0.418687 0.087969 0.078875 0.077187
20 0.510602 0.431266 0.023766 0.029969
20 0.352516 0.271969 0.023500 0.029969
2 0.427844 0.912109 0.078531 0.077625
20 0.510867 0.875289 0.022672 0.031859
20 0.510328 0.653477 0.024313 0.031047
20 0.357102 0.548586 0.035359 0.031859
2 0.714250 0.088281 0.078594 0.076875
2 0.714297 0.309375 0.078594 0.078750
2 0.723266 0.469594 0.078562 0.076312
2 0.723570 0.690781 0.079203 0.078969
20 0.937984 0.478570 0.023219 0.031859
2 0.427984 0.469938 0.077750 0.076969
2 0.723141 0.912125 0.078000 0.079312
0 0.791945 0.614594 0.049953 0.038469
