20 0.898648 0.823578 0.022141 0.029969
20 0.341461 0.789000 0.023641 0.031094
20 0.118063 0.789164 0.022687 0.030141
20 0.191094 0.057375 0.023000 0.031094
9 0.954711 0.321805 0.025203 0.050391
16 0.925031 0.337531 0.025125 0.050625
16 0.728773 0.128172 0.049578 0.024938
2 0.590500 0.733422 0.078750 0.077406
2 0.378875 0.943625 0.077188 0.078281
2 0.155938 0.943750 0.078375 0.079125
2 0.156312 0.500578 0.078000 0.076688
2 0.378594 0.500578 0.077437 0.078187
2 0.228961 0.213117 0.077484 0.076953
6 0.804891 0.066750 0.078969 0.078969
6 0.590656 0.290531 0.078375 0.078750
6 0.838031 0.346594 0.076687 0.079125
6 0.838008 0.567688 0.076953 0.077406
6 0.838227 0.789539 0.076953 0.077859
6 0.378742 0.722312 0.077172 0.077844
6 0.156211 0.722656 0.078516 0.077625
20 0.864234 0.100312 0.021375 0.031750
20 0.523219 0.303133 0.023656 0.032391
20 0.898781 0.380109 0.021875 0.032938
20 0.969789 0.439781 0.036984 0.032406
20 0.899188 0.601641 0.023219 0.031594
20 0.969922 0.706406 0.035094 0.031594
