2 0.893695 0.961344 0.078172 0.077313
16 0.758484 0.391359 0.050219 0.026563
6 0.466930 0.682688 0.077797 0.078906
2 0.614648 0.682797 0.076859 0.078844
9 0.759203 0.365391 0.049375 0.027813
20 0.526984 0.424891 0.023438 0.032031
6 0.467313 0.239531 0.078625 0.078063
20 0.096344 0.846203 0.023438 0.032031
20 0.525938 0.642281 0.023438 0.032031
11 0.296570 0.934273 0.032266 0.059484
6 0.467086 0.460773 0.078078 0.078453
2 0.891563 0.460719 0.076281 0.078344
20 0.530078 0.211641 0.023438 0.032031
2 0.614648 0.460617 0.076859 0.078516
2 0.614648 0.239602 0.076859 0.077859
2 0.890922 0.682633 0.076531 0.079172
2 0.450664 0.961508 0.076859 0.076984
1 0.852875 0.787938 0.048594 0.045094
