20 0.813375 0.555172 0.023438 0.032031
1 0.649703 0.786570 0.049406 0.044016
2 0.960953 0.686906 0.078094 0.076469
2 0.813852 0.686422 0.078078 0.077438
2 0.592562 0.676703 0.078094 0.078719
2 0.444453 0.676219 0.077438 0.078406
2 0.961016 0.243773 0.077969 0.078078
2 0.814141 0.243773 0.079063 0.078078
2 0.591898 0.234406 0.079703 0.078531
2 0.444352 0.234406 0.076203 0.078531
11 0.293687 0.915031 0.031500 0.058312
20 0.478547 0.554672 0.023438 0.032031
20 0.751172 0.486516 0.023438 0.032031
20 0.504609 0.486703 0.023438 0.032031
20 0.652922 0.486141 0.023438 0.032031
6 0.961008 0.464500 0.077984 0.076875
6 0.814109 0.464211 0.079312 0.077078
6 0.592484 0.455687 0.078937 0.076875
6 0.444359 0.455219 0.077438 0.077438
1 0.707484 0.785758 0.049406 0.045641
15 0.642242 0.761648 0.031609 0.049016
15 0.724719 0.761414 0.033000 0.048109
20 0.817828 0.954422 0.023438 0.032031
20 0.065359 0.856437 0.023438 0.032031
