20 0.988828 0.984742 0.022344 0.030516
20 0.527250 0.607859 0.023438 0.032031
20 0.761047 0.458047 0.023438 0.032031
20 0.458938 0.456203 0.023438 0.032031
20 0.880125 0.347688 0.023438 0.032031
20 0.866687 0.250266 0.023438 0.032031
20 0.598109 0.094203 0.023438 0.032031
1 0.479469 0.840383 0.049500 0.046797
2 0.385906 0.744578 0.078031 0.076406
20 0.302453 0.093672 0.023438 0.032031
2 0.090672 0.744313 0.078844 0.077500
2 0.224148 0.557695 0.076953 0.078297
2 0.224172 0.336047 0.076500 0.078750
2 0.524141 0.316297 0.076500 0.077625
2 0.819211 0.094266 0.076672 0.077219
6 0.801477 0.542188 0.078297 0.078844
6 0.497500 0.541250 0.077031 0.077188
6 0.537625 0.063078 0.078563 0.076687
6 0.241937 0.062891 0.078563 0.076688
6 0.819969 0.316336 0.077500 0.076953
15 0.588320 0.386102 0.025172 0.050359
15 0.745086 0.385625 0.025172 0.049406
