2 0.220055 0.259867 0.078922 0.077359
6 0.063266 0.885625 0.077250 0.078563
6 0.285406 0.885844 0.077406 0.078750
6 0.674156 0.706047 0.077031 0.078750
6 0.298625 0.559180 0.078406 0.079047
20 0.718266 0.633328 0.023438 0.032031
20 0.228703 0.925922 0.023438 0.032031
20 0.286406 0.784031 0.023438 0.032031
20 0.361484 0.593984 0.023438 0.032031
0 0.929984 0.708344 0.049531 0.038906
0 0.930344 0.143094 0.048563 0.039188
16 0.091039 0.368781 0.035922 0.046656
20 0.238516 0.556719 0.023438 0.032031
20 0.029812 0.107031 0.023437 0.032031
16 0.397977 0.849914 0.049141 0.025109
16 0.936289 0.648289 0.036297 0.047641
16 0.943141 0.106656 0.048813 0.025875
9 0.116312 0.394516 0.035781 0.048125
1 0.177484 0.402836 0.048594 0.040047
20 0.780797 0.541312 0.023438 0.032031
20 0.734078 0.736125 0.023438 0.032031
2 0.674109 0.263055 0.076469 0.077109
2 0.294063 0.038844 0.078563 0.077687
2 0.367023 0.260445 0.078922 0.076984
