20 0.497406 0.715328 0.023438 0.032031
20 0.199281 0.716359 0.023437 0.032031
20 0.946688 0.149063 0.023438 0.032031
20 0.199281 0.862313 0.023437 0.032031
20 0.301766 0.521734 0.023438 0.032031
20 0.301766 0.300203 0.023438 0.032031
2 0.094156 0.489781 0.077219 0.078031
2 0.094148 0.268648 0.076672 0.079109
2 0.093883 0.046445 0.076672 0.078578
6 0.218000 0.704945 0.077219 0.078297
9 0.586617 0.662344 0.048047 0.033125
9 0.550313 0.587187 0.029375 0.049688
6 0.242227 0.489352 0.078516 0.077484
6 0.241922 0.268625 0.078563 0.078844
6 0.242195 0.046687 0.079109 0.078844
20 0.622672 0.429609 0.023438 0.032031
2 0.069578 0.851852 0.078844 0.078016
2 0.365633 0.852352 0.077391 0.077172
2 0.365633 0.703969 0.079203 0.077844
16 0.065906 0.918187 0.047250 0.039156
16 0.586469 0.690625 0.050625 0.024375
16 0.572859 0.587523 0.028344 0.049672
2 0.463484 0.563406 0.077375 0.078531
2 0.800797 0.660258 0.076406 0.076672
20 0.127844 0.984227 0.023438 0.031547
6 0.886742 0.117719 0.077391 0.077625
6 0.512703 0.704406 0.078031 0.078844
6 0.513250 0.851961 0.076406 0.076953
6 0.217734 0.852094 0.076687 0.077219
20 0.945656 0.039344 0.023438 0.032031
20 0.301766 0.076609 0.023438 0.032031
2 0.069984 0.704969 0.078563 0.079656
20 0.790375 0.782609 0.023438 0.032031
20 0.496375 0.863359 0.023438 0.032031
