20 0.611625 0.623359 0.034531 0.031719
20 0.454438 0.715711 0.022969 0.030766
20 0.733766 0.722281 0.022969 0.030000
20 0.868219 0.623687 0.034688 0.030313
9 0.386516 0.321906 0.051281 0.026469
9 0.386102 0.517133 0.051016 0.025922
20 0.536984 0.317594 0.021563 0.030563
6 0.796391 0.700047 0.076563 0.078906
6 0.518969 0.699891 0.078281 0.078594
6 0.467938 0.285883 0.076781 0.077766
6 0.467938 0.137984 0.076781 0.077438
16 0.406914 0.297297 0.051734 0.025656
16 0.406406 0.491453 0.050625 0.026250
20 0.467445 0.062203 0.032172 0.031281
20 0.536406 0.169305 0.022500 0.030828
2 0.223359 0.679328 0.077750 0.078719
2 0.518594 0.479219 0.077438 0.076687
2 0.795867 0.479164 0.075109 0.076984
2 0.763344 0.285813 0.077031 0.078594
2 0.763172 0.137914 0.077625 0.077172
2 0.223438 0.236016 0.078969 0.078969
