20 0.180336 0.563648 0.035109 0.031859
9 0.123531 0.728859 0.025875 0.048750
9 0.146313 0.729047 0.023438 0.050250
17 0.222320 0.444906 0.076422 0.078063
17 0.412547 0.441609 0.078625 0.078625
17 0.634148 0.442000 0.078266 0.078469
17 0.855266 0.442250 0.076938 0.078469
16 0.984531 0.706828 0.025156 0.049219
16 0.101703 0.706898 0.025594 0.049234
13 0.222508 0.223320 0.076953 0.078297
13 0.412992 0.221156 0.077766 0.077750
13 0.634258 0.220891 0.078578 0.077750
13 0.855250 0.221156 0.077219 0.077750
13 0.855555 0.664328 0.076953 0.078750
13 0.634156 0.663984 0.078750 0.078531
13 0.412188 0.663984 0.077625 0.078531
13 0.222344 0.666188 0.076875 0.077062
2 0.540039 0.872563 0.078422 0.077438
2 0.097289 0.872563 0.076141 0.076781
20 0.060727 0.474953 0.023766 0.031594
20 0.281852 0.475094 0.022141 0.032406
20 0.473555 0.471719 0.022672 0.031594
20 0.693609 0.471719 0.023219 0.031594
20 0.915141 0.471719 0.024031 0.031594
20 0.909000 0.867047 0.031875 0.031312
