20 0.257039 0.118477 0.034828 0.030234
20 0.065477 0.100523 0.022141 0.030516
20 0.286742 0.212578 0.022422 0.029969
20 0.781594 0.498555 0.022688 0.031328
20 0.363000 0.838016 0.024750 0.029438
9 0.407641 0.945102 0.050406 0.025422
2 0.133594 0.347016 0.077250 0.078937
6 0.485094 0.360984 0.077188 0.078906
6 0.780422 0.434125 0.077187 0.079062
6 0.305227 0.794383 0.078078 0.076953
2 0.133453 0.568187 0.076875 0.077344
2 0.133234 0.789469 0.076719 0.077188
2 0.471750 0.794109 0.078375 0.077250
16 0.585750 0.161781 0.024938 0.050250
2 0.780500 0.656141 0.076687 0.078750
9 0.613695 0.145133 0.023859 0.050172
2 0.485234 0.582703 0.076875 0.078562
9 0.549953 0.626750 0.025438 0.049719
6 0.226531 0.196859 0.078000 0.078937
20 0.486148 0.424305 0.020234 0.032391
20 0.539336 0.243539 0.034797 0.030516
