1 0.897437 0.291531 0.046500 0.050062
2 0.684609 0.886953 0.079062 0.077437
2 0.906219 0.886625 0.078406 0.078094
2 0.906555 0.665820 0.079703 0.077766
2 0.684281 0.665680 0.077750 0.079359
13 0.061547 0.855570 0.077188 0.077172
13 0.248422 0.882719 0.078938 0.078750
13 0.396664 0.882500 0.078516 0.079875
13 0.551258 0.406813 0.078578 0.077750
13 0.396437 0.734836 0.078844 0.078297
13 0.248352 0.734969 0.079109 0.077500
13 0.061914 0.634258 0.077766 0.078578
13 0.248344 0.513969 0.078563 0.078844
13 0.248352 0.366148 0.077484 0.077484
13 0.061773 0.412852 0.077484 0.079109
20 0.743344 0.060500 0.023438 0.032031
20 0.844781 0.483891 0.023438 0.032031
2 0.230398 0.097695 0.077359 0.076984
6 0.906328 0.443703 0.079219 0.079219
6 0.673406 0.097930 0.078625 0.077516
1 0.260711 0.291312 0.046578 0.049500
5 0.686266 0.506914 0.037719 0.047422
15 0.940719 0.290172 0.036906 0.047250
