20 0.322469 0.475156 0.023438 0.032031
20 0.593687 0.473078 0.023438 0.032031
20 0.742750 0.473078 0.023438 0.032031
6 0.535953 0.445500 0.078937 0.078937
6 0.262750 0.448375 0.078094 0.080031
6 0.114688 0.448375 0.076781 0.079375
2 0.114297 0.669547 0.077438 0.076469
2 0.262531 0.669219 0.079062 0.077125
2 0.535820 0.667039 0.078297 0.079391
2 0.683641 0.667578 0.076406 0.079375
2 0.919484 0.667031 0.077750 0.078844
2 0.919578 0.224297 0.076469 0.076469
2 0.683828 0.224234 0.076469 0.076781
2 0.536070 0.223867 0.078547 0.076203
2 0.262891 0.226695 0.078094 0.078734
2 0.115477 0.226375 0.076141 0.078719
6 0.683703 0.444937 0.076313 0.078562
20 0.859734 0.473078 0.023438 0.032031
1 0.672336 0.784484 0.042391 0.050219
15 0.630758 0.769117 0.028109 0.050266
0 0.397562 0.784516 0.043875 0.049500
20 0.710656 0.555906 0.023438 0.032031
16 0.374281 0.757273 0.026187 0.049141
20 0.174437 0.474125 0.023438 0.032031
6 0.919281 0.445594 0.076688 0.078750
20 0.208594 0.554859 0.023438 0.032031
