20 0.200391 0.412563 0.023438 0.032031
6 0.512984 0.550211 0.077063 0.078359
6 0.217922 0.549430 0.078031 0.077766
20 0.490219 0.114516 0.022031 0.031875
6 0.505773 0.110633 0.078297 0.078078
9 0.586273 0.429805 0.049953 0.024266
6 0.108867 0.114000 0.076953 0.078531
2 0.365445 0.549883 0.078578 0.078828
2 0.070609 0.402195 0.078031 0.076672
2 0.070609 0.550016 0.078031 0.078562
16 0.586406 0.406938 0.049688 0.025156
16 0.587266 0.329016 0.049688 0.025625
6 0.256250 0.113555 0.078750 0.078078
2 0.365633 0.402328 0.078297 0.077750
2 0.800797 0.527281 0.077062 0.077250
6 0.217969 0.402187 0.077500 0.077188
6 0.513359 0.402266 0.077344 0.077344
6 0.800977 0.084305 0.076953 0.078516
20 0.849422 0.014508 0.023438 0.029016
20 0.861094 0.115062 0.023438 0.032031
20 0.201172 0.561094 0.023438 0.032031
20 0.496266 0.561484 0.023438 0.032031
20 0.497047 0.413344 0.023438 0.032031
20 0.163562 0.304656 0.023438 0.032031
20 0.451562 0.182516 0.022969 0.032031
20 0.239063 0.128141 0.022656 0.031094
20 0.092031 0.127750 0.022656 0.031250
