2 0.575805 0.296781 0.076516 0.077656
20 0.401859 0.331406 0.021875 0.030625
16 0.773906 0.053555 0.024625 0.050547
6 0.939328 0.949211 0.078719 0.077422
16 0.525930 0.875078 0.024297 0.050406
6 0.436961 0.888781 0.077109 0.079063
6 0.731742 0.888953 0.076453 0.078406
6 0.343633 0.296617 0.078297 0.079422
0 0.810875 0.074797 0.041250 0.050250
20 0.695000 0.955219 0.023281 0.030156
7 0.071883 0.865492 0.059609 0.032734
9 0.500930 0.854969 0.026828 0.050938
11 0.195094 0.865922 0.059625 0.032406
2 0.813383 0.689266 0.076703 0.078063
20 0.399047 0.955094 0.023250 0.031500
2 0.370656 0.689125 0.078625 0.078344
20 0.386125 0.410875 0.022875 0.030938
2 0.075148 0.246727 0.078578 0.078797
