20 0.852031 0.747859 0.023438 0.032031
2 0.789219 0.560766 0.078750 0.078750
2 0.787977 0.261461 0.077172 0.077172
6 0.477914 0.862078 0.078266 0.077313
6 0.788992 0.781438 0.078516 0.075875
5 0.683711 0.564781 0.048047 0.039187
5 0.888109 0.455141 0.038063 0.048344
5 0.963984 0.438398 0.045625 0.039141
5 0.365672 0.950812 0.047438 0.039000
5 0.858047 0.892219 0.049687 0.031312
5 0.963984 0.904875 0.046312 0.042000
2 0.477930 0.419406 0.078516 0.076281
2 0.181586 0.313641 0.077172 0.078531
9 0.208250 0.229219 0.039750 0.046500
9 0.305609 0.609336 0.038250 0.048047
15 0.964102 0.479187 0.046984 0.039406
15 0.703422 0.605414 0.045625 0.040766
20 0.542516 0.831719 0.023438 0.032031
15 0.964695 0.863273 0.045641 0.040766
2 0.183406 0.914891 0.076937 0.077156
2 0.181938 0.609500 0.077625 0.078563
