2 0.823164 0.515117 0.078141 0.079703
1 0.713406 0.032695 0.047438 0.048203
2 0.061305 0.544469 0.076984 0.077750
2 0.504734 0.544469 0.078156 0.077750
20 0.940484 0.873703 0.023438 0.032031
20 0.054344 0.869563 0.023438 0.032031
20 0.564703 0.870594 0.023438 0.032031
20 0.887687 0.329188 0.023438 0.032031
0 0.132250 0.381047 0.039688 0.050219
15 0.708500 0.081219 0.036937 0.047438
13 0.191398 0.054086 0.076984 0.076984
13 0.191375 0.275547 0.077656 0.075937
6 0.823383 0.294648 0.078984 0.077172
6 0.878906 0.830953 0.077812 0.079313
6 0.504359 0.912930 0.078719 0.077109
2 0.505203 0.101469 0.078937 0.078531
2 0.823242 0.072305 0.078922 0.076984
